    2000
      13.9220      13.9043      13.8915      13.8794      13.8754      13.8755
      13.8676      13.8549      13.8462      13.8397      13.8242      13.8041
      13.7839      13.7693      13.7517      13.7320      13.7189      13.7090
      13.6992      13.6908      13.6821      13.6722      13.6742      13.6736
      13.6691      13.6675      13.6671      13.6564      13.6369      13.6277
      13.6320      13.6343      13.6326      13.6232      13.6178      13.6101
      13.6005      13.5875      13.5826      13.5848      13.5896      13.5921
      13.5951      13.5955      13.5974      13.5988      13.5979      13.5970
      13.5954      13.5914      13.5860      13.5841      13.5764      13.5701
      13.5673      13.5721      13.5715      13.5743      13.5781      13.5705
      13.5583      13.5472      13.5430      13.5473      13.5520      13.5533
      13.5505      13.5470      13.5339      13.5216      13.5093      13.5076
      13.5108      13.5179      13.5237      13.5224      13.5226      13.5203
      13.5131      13.5085      13.5063      13.5009      13.4940      13.4923
      13.4910      13.4920      13.4939      13.4944      13.4939      13.4927
      13.4937      13.4882      13.4743      13.4577      13.4511      13.4578
      13.4673      13.4692      13.4643      13.4642      13.4690      13.4713
      13.4704      13.4689      13.4709      13.4715      13.4726      13.4688
      13.4689      13.4578      13.4493      13.4474      13.4464      13.4458
      13.4469      13.4505      13.4528      13.4550      13.4559      13.4561
      13.4480      13.4373      13.4285      13.4259      13.4262      13.4287
      13.4345      13.4380      13.4402      13.4384      13.4349      13.4286
      13.4224      13.4219      13.4201      13.4167      13.4067      13.3992
      13.3937      13.3875      13.3840      13.3796      13.3702      13.3617
      13.3569      13.3490      13.3413      13.3363      13.3311      13.3240
      13.3217      13.3176      13.3132      13.3057      13.2990      13.2896
      13.2832      13.2818      13.2844      13.2856      13.2902      13.2991
      13.3085      13.3163      13.3174      13.3126      13.3132      13.3111
      13.3138      13.3161      13.3231      13.3247      13.3290      13.3323
      13.3327      13.3305      13.3278      13.3272      13.3292      13.3364
      13.3386      13.3414      13.3510      13.3553      13.3542      13.3485
      13.3441      13.3451      13.3488      13.3583      13.3645      13.3646
      13.3649      13.3707      13.3691      13.3671      13.3651      13.3598
      13.3562      13.3537      13.3541      13.3594      13.3665      13.3738
      13.3783      13.3772      13.3730      13.3667      13.3642      13.3624
      13.3608      13.3655      13.3699      13.3746      13.3789      13.3815
      13.3825      13.3832      13.3818      13.3768      13.3735      13.3814
      13.3849      13.3882      13.3888      13.3884      13.3830      13.3740
      13.3664      13.3649      13.3660      13.3701      13.3743      13.3833
      13.3893      13.3907      13.3896      13.3821      13.3751      13.3689
      13.3697      13.3722      13.3750      13.3744      13.3771      13.3853
      13.3909      13.3958      13.3967      13.3957      13.3918      13.3863
      13.3805      13.3805      13.3799      13.3860      13.3897      13.3949
      13.3945      13.3909      13.3846      13.3781      13.3760      13.3744
      13.3758      13.3790      13.3792      13.3803      13.3805      13.3757
      13.3664      13.3612      13.3608      13.3629      13.3639      13.3671
      13.3745      13.3817      13.3837      13.3863      13.3868      13.3818
      13.3796      13.3774      13.3786      13.3794      13.3806      13.3831
      13.3815      13.3824      13.3792      13.3676      13.3588      13.3567
      13.3531      13.3533      13.3555      13.3574      13.3627      13.3665
      13.3724      13.3753      13.3770      13.3787      13.3780      13.3754
      13.3788      13.3791      13.3807      13.3796      13.3751      13.3734
      13.3691      13.3649      13.3615      13.3609      13.3587      13.3573
      13.3565      13.3547      13.3563      13.3538      13.3483      13.3407
      13.3328      13.3341      13.3410      13.3476      13.3475      13.3485
      13.3491      13.3393      13.3326      13.3324      13.3346      13.3389
      13.3420      13.3392      13.3427      13.3507      13.3541      13.3573
      13.3551      13.3555      13.3594      13.3610      13.3626      13.3693
      13.3653      13.3553      13.3456      13.3410      13.3425      13.3501
      13.3516      13.3574      13.3586      13.3561      13.3517      13.3484
      13.3460      13.3444      13.3371      13.3379      13.3416      13.3454
      13.3490      13.3545      13.3587      13.3605      13.3592      13.3535
      13.3492      13.3430      13.3395      13.3382      13.3387      13.3380
      13.3353      13.3349      13.3414      13.3381      13.3309      13.3186
      13.3128      13.3145      13.3189      13.3250      13.3293      13.3297
      13.3292      13.3329      13.3341      13.3340      13.3339      13.3351
      13.3339      13.3313      13.3308      13.3347      13.3318      13.3293
      13.3326      13.3248      13.3137      13.3122      13.3175      13.3229
      13.3270      13.3284      13.3346      13.3373      13.3309      13.3246
      13.3120      13.3037      13.3023      13.3041      13.3051      13.3109
      13.3145      13.3187      13.3268      13.3247      13.3197      13.3177
      13.3181      13.3144      13.3076      13.3038      13.3004      13.3001
      13.2995      13.2990      13.3019      13.3021      13.2966      13.2919
      13.2933      13.2945      13.2951      13.2994      13.3047      13.3065
      13.3064      13.3073      13.3029      13.2953      13.2898      13.2837
      13.2819      13.2887      13.2980      13.3043      13.3050      13.3045
      13.3006      13.2965      13.2913      13.2896      13.2930      13.2957
      13.2985      13.3004      13.3010      13.2995      13.2956      13.2876
      13.2831      13.2845      13.2870      13.2899      13.2949      13.2983
      13.2995      13.2957      13.2982      13.2965      13.2900      13.2894
      13.2909      13.2891      13.2930      13.2973      13.2974      13.2899
      13.2848      13.2869      13.2909      13.2921      13.2939      13.2988
      13.3010      13.3032      13.3018      13.3050      13.3088      13.3076
      13.3042      13.3000      13.2974      13.2909      13.2865      13.2849
      13.2862      13.2852      13.2885      13.2887      13.2866      13.2900
      13.2863      13.2785      13.2686      13.2639      13.2628      13.2643
      13.2695      13.2722      13.2760      13.2759      13.2763      13.2757
      13.2723      13.2638      13.2562      13.2513      13.2535      13.2615
      13.2639      13.2616      13.2628      13.2616      13.2551      13.2530
      13.2543      13.2530      13.2548      13.2563      13.2589      13.2596
      13.2566      13.2490      13.2440      13.2431      13.2436      13.2492
      13.2530      13.2543      13.2542      13.2481      13.2412      13.2360
      13.2328      13.2359      13.2415      13.2442      13.2520      13.2551
      13.2538      13.2536      13.2558      13.2529      13.2470      13.2384
      13.2342      13.2303      13.2340      13.2380      13.2383      13.2411
      13.2404      13.2378      13.2362      13.2358      13.2355      13.2396
      13.2419      13.2469      13.2436      13.2349      13.2226      13.2134
      13.2126      13.2117      13.2128      13.2166      13.2184      13.2253
      13.2300      13.2272      13.2196      13.2131      13.2076      13.2071
      13.2031      13.2055      13.2111      13.2131      13.2183      13.2216
      13.2174      13.2102      13.2084      13.2102      13.2137      13.2184
      13.2278      13.2327      13.2396      13.2372      13.2300      13.2235
      13.2099      13.2057      13.2038      13.2048      13.2136      13.2208
      13.2261      13.2272      13.2273      13.2238      13.2206      13.2190
      13.2170      13.2164      13.2253      13.2303      13.2303      13.2309
      13.2326      13.2298      13.2311      13.2297      13.2322      13.2335
      13.2368      13.2385      13.2322      13.2308      13.2313      13.2292
      13.2280      13.2311      13.2340      13.2335      13.2312      13.2280
      13.2230      13.2173      13.2182      13.2235      13.2275      13.2338
      13.2343      13.2324      13.2356      13.2344      13.2336      13.2339
      13.2270      13.2169      13.2086      13.2115      13.2098      13.2101
      13.2148      13.2148      13.2099      13.2043      13.1990      13.1968
      13.1934      13.1863      13.1819      13.1842      13.1910      13.1971
      13.2000      13.2075      13.2148      13.2100      13.1998      13.1890
      13.1841      13.1815      13.1803      13.1809      13.1818      13.1832
      13.1850      13.1847      13.1857      13.1833      13.1836      13.1819
      13.1805      13.1818      13.1804      13.1838      13.1869      13.1886
      13.1911      13.1905      13.1859      13.1814      13.1760      13.1726
      13.1761      13.1796      13.1825      13.1888      13.1901      13.1881
      13.1831      13.1796      13.1787      13.1798      13.1809      13.1816
      13.1861      13.1864      13.1816      13.1764      13.1770      13.1777
      13.1802      13.1835      13.1873      13.1886      13.1906      13.1904
      13.1868      13.1865      13.1829      13.1850      13.1865      13.1901
      13.1911      13.1894      13.1885      13.1902      13.1877      13.1876
      13.1895      13.1911      13.1910      13.1892      13.1830      13.1752
      13.1704      13.1672      13.1658      13.1644      13.1664      13.1709
      13.1699      13.1696      13.1665      13.1655      13.1682      13.1657
      13.1665      13.1678      13.1713      13.1729      13.1660      13.1571
      13.1534      13.1570      13.1619      13.1651      13.1681      13.1710
      13.1658      13.1649      13.1612      13.1592      13.1528      13.1454
      13.1381      13.1322      13.1341      13.1337      13.1333      13.1411
      13.1489      13.1522      13.1571      13.1531      13.1464      13.1380
      13.1331      13.1351      13.1396      13.1382      13.1390      13.1402
      13.1353      13.1282      13.1221      13.1184      13.1157      13.1153
      13.1169      13.1197      13.1251      13.1236      13.1225      13.1208
      13.1203      13.1201      13.1190      13.1204      13.1213      13.1206
      13.1206      13.1177      13.1075      13.0980      13.0945      13.0990
      13.1012      13.1048      13.1093      13.1103      13.1114      13.1093
      13.1034      13.0956      13.0929      13.0943      13.0987      13.1051
      13.1098      13.1099      13.1058      13.0978      13.0917      13.0854
      13.0858      13.0909      13.0927      13.0901      13.0877      13.0888
      13.0823      13.0741      13.0697      13.0750      13.0753      13.0774
      13.0772      13.0712      13.0613      13.0543      13.0547      13.0607
      13.0664      13.0688      13.0716      13.0687      13.0598      13.0518
      13.0554      13.0611      13.0632      13.0645      13.0677      13.0658
      13.0625      13.0608      13.0567      13.0553      13.0553      13.0544
      13.0590      13.0548      13.0474      13.0428      13.0419      13.0441
      13.0455      13.0473      13.0501      13.0493      13.0433      13.0406
      13.0429      13.0473      13.0476      13.0448      13.0452      13.0490
      13.0473      13.0461      13.0448      13.0429      13.0394      13.0348
      13.0307      13.0226      13.0212      13.0258      13.0315      13.0331
      13.0372      13.0388      13.0379      13.0338      13.0271      13.0243
      13.0242      13.0256      13.0297      13.0296      13.0299      13.0272
      13.0215      13.0138      13.0073      13.0080      13.0118      13.0144
      13.0152      13.0160      13.0157      13.0187      13.0203      13.0255
      13.0265      13.0257      13.0287      13.0253      13.0254      13.0253
      13.0248      13.0222      13.0190      13.0156      13.0085      13.0061
      13.0057      13.0079      13.0122      13.0168      13.0198      13.0240
      13.0241      13.0225      13.0244      13.0249      13.0245      13.0297
      13.0268      13.0202      13.0098      13.0027      12.9958      12.9939
      13.0001      13.0050      13.0089      13.0138      13.0139      13.0130
      13.0151      13.0164      13.0187      13.0173      13.0133      13.0127
      13.0114      13.0138      13.0136      13.0138      13.0076      12.9994
      12.9924      12.9872      12.9827      12.9784      12.9737      12.9729
      12.9727      12.9767      12.9817      12.9844      12.9889      12.9876
      12.9821      12.9748      12.9704      12.9683      12.9707      12.9735
      12.9746      12.9759      12.9777      12.9780      12.9737      12.9674
      12.9665      12.9677      12.9708      12.9718      12.9788      12.9833
      12.9806      12.9709      12.9598      12.9567      12.9571      12.9614
      12.9647      12.9603      12.9561      12.9522      12.9442      12.9394
      12.9403      12.9465      12.9513      12.9550      12.9584      12.9587
      12.9541      12.9441      12.9347      12.9376      12.9424      12.9402
      12.9444      12.9452      12.9440      12.9443      12.9463      12.9479
      12.9401      12.9309      12.9214      12.9171      12.9155      12.9216
      12.9224      12.9198      12.9223      12.9241      12.9237      12.9215
      12.9214      12.9179      12.9201      12.9243      12.9283      12.9288
      12.9296      12.9341      12.9335      12.9380      12.9454      12.9446
      12.9402      12.9387      12.9343      12.9365      12.9355      12.9322
      12.9325      12.9274      12.9206      12.9098      12.9066      12.9072
      12.9139      12.9176      12.9174      12.9179      12.9200      12.9249
      12.9218      12.9191      12.9138      12.9114      12.9138      12.9130
      12.9168      12.9148      12.9067      12.8984      12.8964      12.8956
      12.9018      12.9059      12.9073      12.9096      12.9142      12.9158
      12.9140      12.9089      12.9061      12.8947      12.8909      12.8900
      12.8889      12.8920      12.8922      12.8961      12.8957      12.8958
      12.8985      12.8975      12.8980      12.8962      12.8954      12.8949
      12.8966      12.8970      12.8981      12.8978      12.8949      12.8965
      12.9008      12.9002      12.9000      12.9014      12.9009      12.9006
      12.9005      12.9021      12.9042      12.9004      12.8927      12.8857
      12.8824      12.8808      12.8840      12.8889      12.8949      12.8971
      12.8916      12.8842      12.8777      12.8763      12.8790      12.8830
      12.8866      12.8927      12.8974      12.8981      12.8993      12.9010
      12.8944      12.8903      12.8852      12.8825      12.8822      12.8828
      12.8859      12.8873      12.8861      12.8798      12.8788      12.8817
      12.8863      12.8882      12.8873      12.8854      12.8898      12.8937
      12.8964      12.8894      12.8800      12.8727      12.8675      12.8677
      12.8709      12.8715      12.8737      12.8750      12.8760      12.8759
      12.8720      12.8647      12.8588      12.8548      12.8542      12.8558
      12.8616      12.8670      12.8723      12.8727      12.8719      12.8704
      12.8649      12.8597      12.8536      12.8510      12.8524      12.8523
      12.8538      12.8539      12.8575      12.8612      12.8641      12.8609
      12.8559      12.8489      12.8472      12.8493      12.8521      12.8537
      12.8543      12.8549      12.8542      12.8555      12.8555      12.8568
      12.8572      12.8578      12.8631      12.8656      12.8646      12.8616
      12.8596      12.8589      12.8573      12.8562      12.8531      12.8521
      12.8515      12.8532      12.8504      12.8512      12.8511      12.8507
      12.8457      12.8432      12.8412      12.8450      12.8467      12.8503
      12.8498      12.8536      12.8606      12.8595      12.8493      12.8430
      12.8387      12.8332      12.8348      12.8373      12.8395      12.8372
      12.8363      12.8412      12.8506      12.8509      12.8425      12.8323
      12.8252      12.8189      12.8157      12.8151      12.8200      12.8269
      12.8327      12.8292      12.8261      12.8171      12.8120      12.8103
      12.8112      12.8109      12.8177      12.8232      12.8221      12.8244
      12.8256      12.8222      12.8204      12.8172      12.8121      12.8095
      12.8120      12.8140      12.8160      12.8172      12.8174      12.8211
      12.8178      12.8116      12.8090      12.8085      12.8123      12.8145
      12.8127      12.8142      12.8144      12.8111      12.8079      12.8038
      12.8043      12.8104      12.8151      12.8219      12.8246      12.8222
      12.8120      12.8087      12.8108      12.8113      12.8137      12.8153
      12.8155      12.8153      12.8189      12.8230      12.8244      12.8225
      12.8148      12.8106      12.8094      12.8089      12.8074      12.8083
      12.8072      12.7991      12.7875      12.7817      12.7847      12.7880
      12.7919      12.7969      12.8008      12.8043      12.8044      12.8051
      12.8074      12.8079      12.8078      12.8109      12.8164      12.8208
      12.8158      12.8066      12.7972      12.7885      12.7826      12.7814
      12.7795      12.7793      12.7798      12.7808      12.7818      12.7782
      12.7797      12.7820      12.7833      12.7900      12.7934      12.7933
      12.7973      12.7991      12.7905      12.7830      12.7759      12.7745
      12.7718      12.7717      12.7738      12.7751      12.7788      12.7788
      12.7749      12.7664      12.7620      12.7606      12.7634      12.7641
      12.7652      12.7662      12.7661      12.7668      12.7606      12.7519
      12.7514      12.7533      12.7562      12.7597      12.7602      12.7639
      12.7675      12.7660      12.7696      12.7654      12.7586      12.7527
      12.7524      12.7531      12.7560      12.7590      12.7622      12.7619
      12.7638      12.7666      12.7668      12.7657      12.7642      12.7616
      12.7609      12.7624      12.7628      12.7632      12.7636      12.7654
      12.7722      12.7760      12.7744      12.7722      12.7645      12.7579
      12.7519      12.7450      12.7445      12.7470      12.7499      12.7543
      12.7587      12.7555      12.7507      12.7446      12.7392      12.7372
      12.7356      12.7395      12.7459      12.7543      12.7553      12.7503
      12.7436      12.7367      12.7357      12.7345      12.7325      12.7352
      12.7316      12.7339      12.7346      12.7322      12.7291      12.7289
      12.7328      12.7338      12.7349      12.7364      12.7369      12.7325
      12.7257      12.7203      12.7152      12.7150      12.7194      12.7222
      12.7199      12.7255      12.7283      12.7281      12.7249      12.7234
      12.7268      12.7262      12.7303      12.7328      12.7345      12.7304
      12.7262      12.7225      12.7193      12.7170      12.7187      12.7196
      12.7219      12.7273      12.7283      12.7276      12.7229      12.7196
      12.7172      12.7098      12.7094      12.7113      12.7170      12.7192
      12.7226      12.7245      12.7218      12.7132      12.7068      12.7075
      12.7096      12.7132      12.7203      12.7269      12.7200      12.7122
      12.7056      12.7001      12.6981      12.6976      12.6964      12.6963
      12.6973      12.6909      12.6854      12.6818      12.6803      12.6816
      12.6844      12.6892      12.6929      12.6936      12.6868      12.6823
      12.6761      12.6764      12.6794      12.6806      12.6809      12.6817
      12.6840      12.6809      12.6742      12.6701      12.6650      12.6621
      12.6629      12.6647      12.6676      12.6709      12.6718      12.6739
      12.6759      12.6780      12.6830      12.6836      12.6802      12.6735
      12.6667      12.6595      12.6547      12.6562      12.6570      12.6587
      12.6589      12.6617      12.6660      12.6650      12.6634      12.6619
      12.6598      12.6567      12.6586      12.6651      12.6651      12.6658
      12.6709      12.6632      12.6544      12.6532      12.6544      12.6580
      12.6617      12.6645      12.6674      12.6714      12.6724      12.6784
      12.6829      12.6839      12.6801      12.6748      12.6703      12.6698
      12.6695      12.6690      12.6673      12.6669      12.6708      12.6709
      12.6727      12.6775      12.6794      12.6779      12.6758      12.6758
      12.6747      12.6714      12.6708      12.6706      12.6760      12.6725
      12.6698      12.6679      12.6635      12.6592      12.6619      12.6627
      12.6658      12.6681      12.6701      12.6659      12.6630      12.6583
      12.6565      12.6582      12.6614      12.6619      12.6670      12.6737
      12.6747      12.6696      12.6658      12.6657      12.6637      12.6637
      12.6648      12.6693      12.6692      12.6724      12.6703      12.6737
      12.6763      12.6763      12.6766      12.6784      12.6717      12.6652
      12.6621      12.6611      12.6615      12.6658      12.6666      12.6716
      12.6730      12.6688      12.6651      12.6627      12.6630      12.6637
      12.6663      12.6649      12.6639      12.6614      12.6544      12.6492
      12.6451      12.6454      12.6488      12.6529      12.6586      12.6601
      12.6620      12.6638      12.6590      12.6532      12.6472      12.6446
      12.6479      12.6477      12.6479      12.6497      12.6530      12.6525
      12.6528      12.6552      12.6631      12.6617      12.6589      12.6563
      12.6553      12.6559      12.6608      12.6586      12.6568      12.6597
      12.6615      12.6630      12.6623      12.6635      12.6709      12.6682
      12.6599      12.6531      12.6524      12.6490      12.6464      12.6463
      12.6505      12.6539      12.6596      12.6598      12.6560      12.6506
      12.6409      12.6364      12.6379      12.6453      12.6481      12.6506
      12.6519      12.6518      12.6477      12.6447      12.6438      12.6469
      12.6498      12.6496      12.6518      12.6567      12.6565      12.6586
      12.6632      12.6637      12.6619      12.6616      12.6623      12.6577
      12.6514      12.6442      12.6368      12.6365      12.6413      12.6484
      12.6516      12.6519      12.6509      12.6487      12.6432      12.6432
      12.6427      12.6436      12.6482      12.6514      12.6507      12.6477
      12.6478      12.6451      12.6436      12.6466      12.6460      12.6464
      12.6485      12.6571      12.6589      12.6572      12.6512      12.6466
      12.6422      12.6391      12.6440      12.6444      12.6453      12.6480
      12.6482      12.6439      12.6439      12.6449      12.6445      12.6425
      12.6402      12.6344      12.6269      12.6228      12.6205      12.6209
      12.6246      12.6315      12.6335      12.6363      12.6436      12.6479
      12.6456      12.6382      12.6329      12.6316      12.6308      12.6299
      12.6304      12.6296      12.6316      12.6323      12.6325      12.6299
      12.6259      12.6197      12.6151      12.6098      12.6111      12.6140
      12.6180      12.6201      12.6223      12.6207      12.6152      12.6133
      12.6135      12.6182      12.6191      12.6181      12.6240      12.6271
      12.6226      12.6146      12.6069      12.6045      12.6060      12.6077
      12.6074      12.6099      12.6127      12.6133      12.6099      12.6033
      12.5981      12.6025      12.6081      12.6100      12.6125      12.6134
      12.6125      12.6127      12.6110      12.6000      12.5891      12.5857
      12.5911      12.5973      12.6020      12.6020      12.6007      12.5981
      12.5938      12.5889      12.5887      12.5891      12.5939      12.6014
      12.6026      12.6042      12.6062      12.6020      12.5980      12.6008
      12.6027      12.6028      12.6054      12.6051      12.6073      12.6009
      12.5890      12.5823      12.5829      12.5855      12.5892      12.5925
      12.5963      12.5985      12.5944      12.5858      12.5852      12.5897
      12.5929      12.5928      12.5857      12.5812      12.5731      12.5682
      12.5688      12.5714      12.5691      12.5716      12.5728      12.5719
      12.5637      12.5550      12.5527      12.5543      12.5583      12.5615
      12.5683      12.5741      12.5766      12.5756      12.5730      12.5674
      12.5648      12.5641      12.5667      12.5721      12.5772      12.5782
      12.5779      12.5725      12.5635      12.5596      12.5621      12.5670
      12.5671      12.5689      12.5713      12.5699      12.5696      12.5674
      12.5624      12.5578      12.5551      12.5575      12.5591      12.5615
      12.5627      12.5598      12.5521      12.5475      12.5458      12.5463
      12.5493      12.5511      12.5497      12.5561      12.5618      12.5613
      12.5600      12.5560      12.5507      12.5451      12.5481      12.5493
      12.5466      12.5478      12.5496      12.5509      12.5517      12.5525
      12.5547      12.5557      12.5598      12.5580      12.5563      12.5542
      12.5495      12.5436      12.5413      12.5429      12.5437      12.5451
      12.5483      12.5451      12.5412      12.5416      12.5419      12.5467
      12.5527      12.5555      12.5582      12.5606      12.5611      12.5601
      12.5572      12.5511      12.5438      12.5380      12.5386      12.5405
      12.5377      12.5364      12.5442      12.5503      12.5507      12.5506
      12.5534      12.5575      12.5607      12.5599      12.5610      12.5525
      12.5435      12.5345      12.5288      12.5313      12.5313      12.5291
      12.5298      12.5335      12.5330      12.5364      12.5374      12.5408
      12.5420      12.5414      0.00000      0.00000      0.00000      0.00000
      0.00000      0.00000      0.00000      0.00000      0.00000      0.00000
      0.00000      0.00000      0.00000      0.00000      0.00000      0.00000
      0.00000      0.00000      0.00000      0.00000      0.00000      0.00000
      0.00000      0.00000      0.00000      0.00000      0.00000      0.00000
      0.00000      0.00000      0.00000      0.00000      0.00000      0.00000
      0.00000      0.00000      0.00000      0.00000      0.00000      0.00000
      0.00000      0.00000      0.00000      0.00000      0.00000      0.00000
      0.00000      0.00000      0.00000      0.00000      0.00000      0.00000
      0.00000      0.00000      0.00000      0.00000      0.00000      0.00000
      0.00000      0.00000      0.00000      0.00000      0.00000      0.00000
      0.00000      0.00000      0.00000      0.00000      0.00000      0.00000
      0.00000      0.00000      0.00000      0.00000      0.00000      0.00000
      0.00000      0.00000      0.00000      0.00000      0.00000      0.00000
      0.00000      0.00000      0.00000      0.00000      0.00000      0.00000
      0.00000      0.00000      0.00000      0.00000      0.00000      0.00000
      0.00000      0.00000      0.00000      0.00000      0.00000      0.00000
      0.00000      0.00000      0.00000      0.00000      0.00000      0.00000
      0.00000      0.00000      0.00000      0.00000      0.00000      0.00000
      0.00000      0.00000      0.00000      0.00000      0.00000      0.00000
      0.00000      0.00000      0.00000      0.00000      0.00000      0.00000
      0.00000      0.00000      0.00000      0.00000      0.00000      0.00000
      0.00000      0.00000      0.00000      0.00000      0.00000      0.00000
      0.00000      0.00000      0.00000      0.00000      0.00000      0.00000
      0.00000      0.00000      0.00000      0.00000      0.00000      0.00000
      0.00000      0.00000      0.00000      0.00000      0.00000      0.00000
      0.00000      0.00000      0.00000      0.00000      0.00000      0.00000
      0.00000      0.00000      0.00000      0.00000      0.00000      0.00000
      0.00000      0.00000      0.00000      0.00000      0.00000      0.00000
      0.00000      0.00000      0.00000      0.00000      0.00000      0.00000
      0.00000      0.00000      0.00000      0.00000      0.00000      0.00000
      0.00000      0.00000      0.00000      0.00000      0.00000      0.00000
      0.00000      0.00000      0.00000      0.00000      0.00000      0.00000
      0.00000      0.00000      0.00000      0.00000      0.00000      0.00000
      0.00000      0.00000      0.00000      0.00000      0.00000      0.00000
      0.00000      0.00000      0.00000      0.00000      0.00000      0.00000
      0.00000      0.00000      0.00000      0.00000      0.00000      0.00000
      0.00000      0.00000      0.00000      0.00000      0.00000      0.00000
      0.00000      0.00000      0.00000      0.00000      0.00000      0.00000
      0.00000      0.00000      0.00000      0.00000      0.00000      0.00000
      0.00000      0.00000      0.00000      0.00000      0.00000      0.00000
      0.00000      0.00000      0.00000      0.00000      0.00000      0.00000
      0.00000      0.00000      0.00000      0.00000      0.00000      0.00000
      0.00000      0.00000      0.00000      0.00000      0.00000      0.00000
      0.00000      0.00000      0.00000      0.00000      0.00000      0.00000
      0.00000      0.00000      0.00000      0.00000      0.00000      0.00000
      0.00000      0.00000      0.00000      0.00000      0.00000      0.00000
      0.00000      0.00000      0.00000      0.00000      0.00000      0.00000
      0.00000      0.00000      0.00000      0.00000      0.00000      0.00000
      0.00000      0.00000      0.00000      0.00000      0.00000      0.00000
      0.00000      0.00000      0.00000      0.00000      0.00000      0.00000
      0.00000      0.00000      0.00000      0.00000      0.00000      0.00000
      0.00000      0.00000      0.00000      0.00000      0.00000      0.00000
      0.00000      0.00000      0.00000      0.00000      0.00000      0.00000
      0.00000      0.00000      0.00000      0.00000      0.00000      0.00000
      0.00000      0.00000      0.00000      0.00000      0.00000      0.00000
      0.00000      0.00000      0.00000      0.00000      0.00000      0.00000
      0.00000      0.00000      0.00000      0.00000      0.00000      0.00000
      0.00000      0.00000      0.00000      0.00000      0.00000      0.00000
      0.00000      0.00000      0.00000      0.00000      0.00000      0.00000
      0.00000      0.00000      0.00000      0.00000      0.00000      0.00000
      0.00000      0.00000      0.00000      0.00000      0.00000      0.00000
      0.00000      0.00000      0.00000      0.00000      0.00000      0.00000
      0.00000      0.00000      0.00000      0.00000      0.00000      0.00000
      0.00000      0.00000      0.00000      0.00000      0.00000      0.00000
      0.00000      0.00000      0.00000      0.00000      0.00000      0.00000
      0.00000      0.00000      0.00000      0.00000      0.00000      0.00000
      0.00000      0.00000      0.00000      0.00000      0.00000      0.00000
      0.00000      0.00000      0.00000      0.00000      0.00000      0.00000
      0.00000      0.00000      0.00000      0.00000      0.00000      0.00000
      0.00000      0.00000      0.00000      0.00000      0.00000      0.00000
      0.00000      0.00000      0.00000      0.00000      0.00000      0.00000
      0.00000      0.00000      0.00000      0.00000      0.00000      0.00000
      0.00000      0.00000      0.00000      0.00000      0.00000      0.00000
      0.00000      0.00000      0.00000      0.00000      0.00000      0.00000
      0.00000      0.00000      0.00000      0.00000      0.00000      0.00000
      0.00000      0.00000      0.00000      0.00000      0.00000      0.00000
      0.00000      0.00000      0.00000      0.00000      0.00000      0.00000
      0.00000      0.00000      0.00000      0.00000      0.00000      0.00000
      0.00000      0.00000      0.00000      0.00000      0.00000      0.00000
      0.00000      0.00000      0.00000      0.00000      0.00000      0.00000
      0.00000      0.00000      0.00000      0.00000      0.00000      0.00000
      0.00000      0.00000      0.00000      0.00000      0.00000      0.00000
      0.00000      0.00000      0.00000      0.00000      0.00000      0.00000
      0.00000      0.00000      0.00000      0.00000      0.00000      0.00000
      0.00000      0.00000      0.00000      0.00000      0.00000      0.00000
      0.00000      0.00000      0.00000      0.00000      0.00000      0.00000
      0.00000      0.00000      0.00000      0.00000      0.00000      0.00000
      0.00000      0.00000      0.00000      0.00000      0.00000      0.00000
      0.00000      0.00000      0.00000      0.00000      0.00000      0.00000
      0.00000      0.00000      0.00000      0.00000      0.00000      0.00000
      0.00000      0.00000      0.00000      0.00000      0.00000      0.00000
      0.00000      0.00000      0.00000      0.00000      0.00000      0.00000
      0.00000      0.00000      0.00000      0.00000      0.00000      0.00000
      0.00000      0.00000      0.00000      0.00000      0.00000      0.00000
      0.00000      0.00000      0.00000      0.00000      0.00000      0.00000
      0.00000      0.00000      0.00000      0.00000      0.00000      0.00000
      0.00000      0.00000      0.00000      0.00000      0.00000      0.00000
      0.00000      0.00000      0.00000      0.00000      0.00000      0.00000
      0.00000      0.00000      0.00000      0.00000      0.00000      0.00000
      0.00000      0.00000      0.00000      0.00000      0.00000      0.00000
      0.00000      0.00000      0.00000      0.00000      0.00000      0.00000
      0.00000      0.00000      0.00000      0.00000      0.00000      0.00000
      0.00000      0.00000      0.00000      0.00000      0.00000      0.00000
      0.00000      0.00000      0.00000      0.00000      0.00000      0.00000
      0.00000      0.00000      0.00000      0.00000      0.00000      0.00000
      0.00000      0.00000      0.00000      0.00000      0.00000      0.00000
      0.00000      0.00000      0.00000      0.00000      0.00000      0.00000
      0.00000      0.00000      0.00000      0.00000      0.00000      0.00000
      0.00000      0.00000      0.00000      0.00000      0.00000      0.00000
      0.00000      0.00000      0.00000      0.00000      0.00000      0.00000
      0.00000      0.00000      0.00000      0.00000      0.00000      0.00000
      0.00000      0.00000      0.00000      0.00000      0.00000      0.00000
      0.00000      0.00000      0.00000      0.00000      0.00000      0.00000
      0.00000      0.00000      0.00000      0.00000      0.00000      0.00000
      0.00000      0.00000      0.00000      0.00000      0.00000      0.00000
      0.00000      0.00000      0.00000      0.00000      0.00000      0.00000
      0.00000      0.00000      0.00000      0.00000      0.00000      0.00000
      0.00000      0.00000      0.00000      0.00000      0.00000      0.00000
      0.00000      0.00000      0.00000      0.00000      0.00000      0.00000
      0.00000      0.00000      0.00000      0.00000      0.00000      0.00000
      0.00000      0.00000      0.00000      0.00000      0.00000      0.00000
      0.00000      0.00000      0.00000      0.00000      0.00000      0.00000
      0.00000      0.00000      0.00000      0.00000      0.00000      0.00000
      0.00000      0.00000      0.00000      0.00000      0.00000      0.00000
      0.00000      0.00000      0.00000      0.00000      0.00000      0.00000
      0.00000      0.00000      0.00000      0.00000      0.00000      0.00000
      0.00000      0.00000      0.00000      0.00000      0.00000      0.00000
      0.00000      0.00000      0.00000      0.00000      0.00000      0.00000
      0.00000      0.00000      0.00000      0.00000      0.00000      0.00000
      0.00000      0.00000      0.00000      0.00000      0.00000      0.00000
      0.00000      0.00000      0.00000      0.00000      0.00000      0.00000
      0.00000      0.00000      0.00000      0.00000      0.00000      0.00000
      0.00000      0.00000      0.00000      0.00000      0.00000      0.00000
      0.00000      0.00000      0.00000      0.00000      0.00000      0.00000
      0.00000      0.00000      0.00000      0.00000      0.00000      0.00000
      0.00000      0.00000      0.00000      0.00000      0.00000      0.00000
      0.00000      0.00000      0.00000      0.00000      0.00000      0.00000
      0.00000      0.00000      0.00000      0.00000      0.00000      0.00000
      0.00000      0.00000      0.00000      0.00000      0.00000      0.00000
      0.00000      0.00000      0.00000      0.00000      0.00000      0.00000
      0.00000      0.00000      0.00000      0.00000      0.00000      0.00000
      0.00000      0.00000      0.00000      0.00000      0.00000      0.00000
      0.00000      0.00000      0.00000      0.00000      0.00000      0.00000
      0.00000      0.00000      0.00000      0.00000      0.00000      0.00000
      0.00000      0.00000      0.00000      0.00000      0.00000      0.00000
      0.00000      0.00000      0.00000      0.00000      0.00000      0.00000
      0.00000      0.00000      0.00000      0.00000      0.00000      0.00000
      0.00000      0.00000      0.00000      0.00000      0.00000      0.00000
      0.00000      0.00000      0.00000      0.00000      0.00000      0.00000
      0.00000      0.00000      0.00000      0.00000      0.00000      0.00000
      0.00000      0.00000      0.00000      0.00000      0.00000      0.00000
      0.00000      0.00000      0.00000      0.00000      0.00000      0.00000
      0.00000      0.00000      0.00000      0.00000      0.00000      0.00000
      0.00000      0.00000      0.00000      0.00000      0.00000      0.00000
      0.00000      0.00000      0.00000      0.00000      0.00000      0.00000
      0.00000      0.00000      0.00000      0.00000      0.00000      0.00000
      0.00000      0.00000      0.00000      0.00000      0.00000      0.00000
      0.00000      0.00000      0.00000      0.00000      0.00000      0.00000
      0.00000      0.00000      0.00000      0.00000      0.00000      0.00000
      0.00000      0.00000      0.00000      0.00000      0.00000      0.00000
      0.00000      0.00000      0.00000      0.00000      0.00000      0.00000
      0.00000      0.00000      0.00000      0.00000      0.00000      0.00000
      0.00000      0.00000      0.00000      0.00000      0.00000      0.00000
      0.00000      0.00000      0.00000      0.00000      0.00000      0.00000
      0.00000      0.00000      0.00000      0.00000      0.00000      0.00000
      0.00000      0.00000      0.00000      0.00000      0.00000      0.00000
