    2000
      9.02167      9.00363      8.99096      8.98055      8.96961      8.95798
      8.94441      8.92868      8.91296      8.89698      8.87909      8.85916
      8.83916      8.82056      8.80351      8.78483      8.76455      8.74578
      8.72929      8.71280      8.69564      8.68114      8.66689      8.65278
      8.63910      8.62778      8.61429      8.60281      8.59238      8.58310
      8.57185      8.56211      8.55456      8.54916      8.54097      8.53455
      8.52681      8.51720      8.50695      8.49648      8.48788      8.48032
      8.47103      8.46428      8.46025      8.45265      8.44563      8.43762
      8.43021      8.42546      8.42193      8.41480      8.40718      8.39951
      8.39310      8.39115      8.38597      8.37748      8.37220      8.36963
      8.36205      8.35850      8.35221      8.34720      8.34696      8.34548
      8.34114      8.33694      8.33515      8.33285      8.32830      8.32191
      8.31601      8.31413      8.31089      8.30521      8.30215      8.29761
      8.29547      8.29481      8.29168      8.28683      8.28380      8.28235
      8.28434      8.28571      8.28317      8.28315      8.28410      8.27808
      8.27551      8.27362      8.27176      8.26638      8.26190      8.26012
      8.25801      8.25472      8.25350      8.24893      8.24639      8.24150
      8.23606      8.23415      8.23076      8.23250      8.23189      8.22810
      8.22327      8.22258      8.22502      8.22309      8.22059      8.21646
      8.21033      8.20671      8.20402      8.20262      8.19621      8.19298
      8.19124      8.18736      8.18436      8.18370      8.18028      8.17999
      8.17604      8.17241      8.16995      8.16496      8.16380      8.16401
      8.16156      8.15906      8.15384      8.14724      8.14358      8.14233
      8.13926      8.13912      8.13632      8.13500      8.13243      8.13288
      8.12839      8.12350      8.12153      8.11798      8.11785      8.11714
      8.11292      8.10833      8.10812      8.11277      8.11084      8.10786
      8.10802      8.10317      8.10032      8.09871      8.09800      8.09642
      8.09463      8.09334      8.09259      8.08895      8.08707      8.08804
      8.08482      8.08084      8.07860      8.07884      8.07543      8.07263
      8.07199      8.06784      8.06735      8.06490      8.06046      8.05905
      8.05627      8.05631      8.05297      8.04683      8.04663      8.04155
      8.04005      8.03920      8.03808      8.03674      8.03782      8.03578
      8.03491      8.03212      8.03059      8.02993      8.03244      8.03076
      8.02896      8.02803      8.02457      8.01868      8.01629      8.01539
      8.01623      8.01946      8.01737      8.01586      8.01575      8.01464
      8.01322      8.01144      8.01448      8.01283      8.00639      8.00721
      8.00578      8.00207      8.00297      8.00396      8.00568      8.00403
      8.00325      7.99832      7.99601      7.99570      7.99488      7.98961
      7.99029      7.98726      7.98550      7.98285      7.98129      7.98192
      7.98116      7.98279      7.97949      7.97720      7.97421      7.97610
      7.97766      7.97651      7.97299      7.97247      7.97262      7.96995
      7.97151      7.97200      7.97198      7.96808      7.96693      7.96500
      7.95964      7.95633      7.95498      7.95350      7.95258      7.95068
      7.95122      7.95313      7.95700      7.95547      7.95266      7.94783
      7.94812      7.94272      7.94277      7.94110      7.94078      7.94237
      7.94507      7.94435      7.94099      7.93973      7.93700      7.93438
      7.93246      7.93035      7.92855      7.92596      7.92885      7.92838
      7.92514      7.92317      7.92249      7.92655      7.92547      7.92530
      7.92299      7.92347      7.92035      7.91989      7.91876      7.91329
      7.91184      7.91485      7.91651      7.91994      7.91869      7.91796
      7.91916      7.91432      7.91362      7.91208      7.91137      7.90985
      7.90550      7.90690      7.90690      7.90810      7.90748      7.90482
      7.90453      7.90334      7.90371      7.90676      7.90631      7.90691
      7.90458      7.90550      7.90208      7.90019      7.90012      7.89957
      7.89881      7.90270      7.90398      7.90545      7.89823      7.89759
      7.89924      7.89494      7.89380      7.89390      7.89374      7.89370
      7.89532      7.89027      7.88810      7.88812      7.88650      7.88192
      7.88072      7.88189      7.88194      7.87774      7.87858      7.87689
      7.87626      7.87368      7.87173      7.87248      7.87024      7.86609
      7.86444      7.86207      7.86376      7.85949      7.86264      7.86134
      7.86130      7.86031      7.85497      7.85301      7.85405      7.85111
      7.85029      7.85192      7.85129      7.84903      7.85010      7.84900
      7.84946      7.84516      7.84320      7.84288      7.83715      7.83820
      7.84035      7.83648      7.83404      7.83360      7.83585      7.83573
      7.83370      7.83365      7.83398      7.83311      7.83393      7.83219
      7.83016      7.82752      7.82772      7.82460      7.82528      7.82380
      7.82319      7.82278      7.82148      7.81740      7.81513      7.81500
      7.81467      7.81406      7.81347      7.81443      7.81100      7.81126
      7.81386      7.81281      7.81443      7.81482      7.81742      7.81537
      7.81570      7.81433      7.80956      7.80951      7.81151      7.80505
      7.80310      7.80418      7.79938      7.80167      7.80270      7.79921
      7.79923      7.79941      7.79591      7.79568      7.79173      7.79109
      7.79359      7.79389      7.79148      7.78757      7.78631      7.78713
      7.78778      7.78806      7.79034      7.79059      7.78938      7.78949
      7.79181      7.79154      7.79020      7.79037      7.79032      7.79076
      7.79298      7.79272      7.79118      7.79220      7.79298      7.79125
      7.79212      7.78964      7.78871      7.78891      7.78287      7.77982
      7.77984      7.77930      7.78287      7.78507      7.78276      7.77772
      7.78013      7.77887      7.78199      7.78001      7.77801      7.77807
      7.77904      7.78128      7.77999      7.77831      7.77932      7.77718
      7.77225      7.77561      7.77418      7.77058      7.76568      7.76682
      7.76755      7.76650      7.76322      7.76362      7.76593      7.76279
      7.75851      7.75593      7.75617      7.75672      7.75613      7.75518
      7.75298      7.74860      7.74519      7.74617      7.74013      7.74371
      7.74462      7.74559      7.74555      7.74129      7.74028      7.74105
      7.73849      7.73979      7.74227      7.74541      7.74658      7.74812
      7.74970      7.74868      7.74945      7.74602      7.74275      7.74090
      7.73732      7.73554      7.73668      7.73850      7.74207      7.74395
      7.74170      7.73824      7.73683      7.73627      7.73396      7.73352
      7.73301      7.72814      7.72664      7.72590      7.72983      7.73177
      7.72961      7.72924      7.72475      7.71851      7.71851      7.71665
      7.71358      7.71456      7.71362      7.71194      7.71010      7.71198
      7.71377      7.71432      7.71478      7.71392      7.71182      7.71117
      7.71421      7.71661      7.71550      7.71776      7.71818      7.71621
      7.71311      7.71432      7.71278      7.71230      7.71353      7.71541
      7.71485      7.71341      7.71441      7.71242      7.70982      7.71164
      7.70918      7.70709      7.70441      7.70391      7.70451      7.70549
      7.70639      7.70766      7.70950      7.70708      7.70423      7.70345
      7.70220      7.70325      7.70231      7.70154      7.70222      7.70256
      7.70265      7.70095      7.69932      7.69833      7.70117      7.69944
      7.70045      7.69761      7.69658      7.69726      7.69476      7.69232
      7.69392      7.69420      7.69595      7.69861      7.70258      7.70206
      7.70046      7.70273      7.70391      7.70135      7.69859      7.69585
      7.69524      7.69353      7.69170      7.68888      7.69065      7.68936
      7.69081      7.69329      7.69545      7.69161      7.69082      7.69012
      7.69057      7.68822      7.68204      7.68105      7.68082      7.67780
      7.67699      7.67356      7.67176      7.66784      7.66878      7.67364
      7.67281      7.67404      7.67635      7.67575      7.67645      7.67538
      7.67370      7.67278      7.67236      7.67042      7.67025      7.67300
      7.67341      7.67080      7.67095      7.66930      7.67217      7.67227
      7.67212      7.66750      7.66556      7.66584      7.66520      7.66628
      7.66425      7.66372      7.66221      7.66131      7.66084      7.65581
      7.65403      7.65329      7.65014      7.65258      7.65433      7.65787
      7.65911      7.65916      7.66182      7.66280      7.66286      7.66395
      7.66281      7.66084      7.66113      7.66095      7.66182      7.66150
      7.66199      7.66200      7.66413      7.66324      7.66112      7.65910
      7.66458      7.66329      7.65884      7.65628      7.65565      7.65766
      7.65812      7.65891      7.65624      7.65866      7.65912      7.66116
      7.65748      7.65778      7.65624      7.65698      7.65688      7.65503
      7.65272      7.64982      7.64957      7.65167      7.65344      7.65171
      7.65254      7.65273      7.65369      7.65611      7.65826      7.65735
      7.65201      7.65189      7.65060      7.65115      7.65137      7.65412
      7.65564      7.65583      7.65611      7.65545      7.65783      7.66289
      7.66547      7.66586      7.66284      7.66252      7.66027      7.65815
      7.66127      7.66563      7.66370      7.66215      7.66020      7.65596
      7.65788      7.65720      7.64857      7.64779      7.64958      7.65099
      7.64997      7.64930      7.64941      7.65286      7.65525      7.65470
      7.65187      7.65307      7.64907      7.64980      7.65026      7.65051
      7.64870      7.65022      7.65319      7.65443      7.65573      7.65447
      7.65255      7.65721      7.65548      7.65223      7.65367      7.65049
      7.65074      7.64738      7.64257      7.64316      7.64297      7.63660
      7.63599      7.63564      7.63775      7.63602      7.64200      7.64248
      7.64353      7.64055      7.63997      7.63910      7.64181      7.63992
      7.63638      7.63352      7.63342      7.63463      7.63354      7.63478
      7.63414      7.63747      7.63604      7.63319      7.63311      7.63461
      7.63685      7.63606      7.63565      7.63650      7.63814      7.63600
      7.63590      7.63747      7.63541      7.63606      7.63768      7.63919
      7.63924      7.64207      7.64199      7.64443      7.64600      7.64658
      7.64596      7.64967      7.64901      7.64932      7.65105      7.65520
      7.65450      7.65385      7.65284      7.65325      7.65015      7.65162
      7.65398      7.65121      7.64961      7.65143      7.64828      7.64549
      7.64403      7.64500      7.64578      7.64683      7.64527      7.64266
      7.64603      7.64869      7.64702      7.64587      7.64413      7.64438
      7.64410      7.64490      7.64834      7.64786      7.64417      7.64304
      7.64410      7.64918      7.64721      7.64481      7.64359      7.64469
      7.64584      7.64366      7.64154      7.63817      7.63837      7.64025
      7.64288      7.64150      7.63689      7.63473      7.63127      7.63300
      7.63547      7.63566      7.63465      7.63206      7.63373      7.63245
      7.63452      7.63030      7.62927      7.63160      7.63334      7.63127
      7.63408      7.63778      7.63685      7.63478      7.63657      7.63669
      7.63948      7.63988      7.64371      7.63932      7.63343      7.63312
      7.63322      7.63251      7.62866      7.62841      7.62926      7.63087
      7.63002      7.63022      7.62940      7.63131      7.62994      7.62786
      7.63038      7.62875      7.62821      7.63006      7.62818      7.63075
      7.62899      7.63101      7.63112      7.63159      7.62888      7.62648
      7.62650      7.62984      7.62967      7.62911      7.62859      7.63029
      7.62876      7.63043      7.63255      7.63235      7.63588      7.63729
      7.63467      7.63136      7.63536      7.63671      7.63431      7.63311
      7.63425      7.63414      7.63288      7.62973      7.63118      7.62899
      7.63338      7.63338      7.63273      7.63181      7.62906      7.62938
      7.63046      7.62893      7.62738      7.62847      7.62710      7.62245
      7.62351      7.62525      7.62530      7.62394      7.62697      7.62769
      7.62710      7.62682      7.62682      7.62441      7.62451      7.62402
      7.62404      7.62472      7.62500      7.62249      7.62202      7.62544
      7.62748      7.63018      7.62964      7.62894      7.62664      7.62436
      7.61928      7.62144      7.62036      7.61843      7.61688      7.61203
      7.61265      7.61247      7.61189      7.61550      7.61587      7.61724
      7.61597      7.61879      7.61641      7.61326      7.61121      7.61147
      7.61294      7.60954      7.61086      7.61322      7.61690      7.61812
      7.61757      7.61974      7.61907      7.61738      7.61740      7.61814
      7.61602      7.61256      7.61532      7.61604      7.61629      7.61940
      7.62128      7.62091      7.62344      7.62674      7.63005      7.62723
      7.62548      7.62472      7.62331      7.62306      7.62341      7.61997
      7.62056      7.62201      7.62323      7.62338      7.61858      7.61805
      7.61783      7.61781      7.61615      7.61390      7.61314      7.61520
      7.61423      7.61571      7.61354      7.61552      7.61430      7.61540
      7.61878      7.61900      7.61960      7.61914      7.61322      7.61610
      7.61552      7.61546      7.61771      7.61752      7.61511      7.61476
      7.61527      7.61446      7.60945      7.60976      7.60957      7.60583
      7.60590      7.60625      7.60582      7.60666      7.60567      7.60605
      7.60311      7.60178      7.60150      7.60166      7.60145      7.60109
      7.60182      7.60104      7.60103      7.60005      7.59971      7.60178
      7.60223      7.60306      7.60484      7.60638      7.60625      7.60614
      7.60408      7.60508      7.60550      7.60596      7.60865      7.60578
      7.60423      7.60130      7.59766      7.59691      7.59909      7.60059
      7.60104      7.60095      7.60347      7.60112      7.60035      7.60750
      7.60764      7.61064      7.60824      7.60479      7.60353      7.60127
      7.59963      7.60308      7.60024      7.59765      7.59813      7.59749
      7.59620      7.59943      7.60219      7.60501      7.60356      7.60151
      7.60178      7.60680      7.60569      7.60276      7.59926      7.59617
      7.59616      7.59875      7.59565      7.59532      7.59416      7.59609
      7.59332      7.59237      7.59085      7.59029      7.58936      7.58910
      7.58758      7.58877      7.58403      7.58512      7.58503      7.58742
      7.58434      7.58604      7.59139      7.58310      7.57880      7.57725
      7.57763      7.57752      7.57648      7.58089      7.58216      7.58082
      7.58434      7.58516      7.58492      7.58524      7.58174      7.58241
      7.58027      7.58009      7.57915      7.57870      7.58250      7.57997
      7.57828      7.57444      7.57258      7.57280      7.57141      7.57184
      7.57152      7.57175      7.57341      7.57223      7.56852      7.57052
      7.57418      7.57429      7.57341      7.57046      7.57255      7.57537
      7.57738      7.57445      7.57266      7.57219      7.57433      7.57365
      7.57448      7.57748      7.57722      7.57820      7.58054      7.58191
      7.57714      7.58083      7.57903      7.57893      7.58027      7.58155
      7.58177      7.58146      7.57823      7.57919      7.58056      7.58003
      7.57640      7.57569      7.57462      7.57211      7.57333      7.57260
      7.57135      7.57019      7.57075      7.57120      7.57035      7.56901
      7.57108      7.56936      7.56783      7.57009      7.56999      7.57347
      7.57491      7.57579      7.57714      7.58092      7.58202      7.57867
      7.57961      7.58150      7.57724      7.57556      7.57653      7.57619
      7.57537      7.57494      7.57508      7.57624      7.57536      7.57418
      7.57353      7.57544      7.57683      7.57769      7.57917      7.58069
      7.58246      7.58251      7.58181      7.58283      7.57848      7.57073
      7.56878      7.57192      7.57433      7.57191      7.56920      7.57180
      7.57314      7.57498      7.57459      7.57791      7.57598      7.57236
      7.56789      7.56306      7.56300      7.56110      7.55852      7.55773
      7.55663      7.55740      7.55663      7.55746      7.55949      7.56008
      7.56129      7.56223      7.56515      7.56372      7.56094      7.56159
      7.56433      7.56289      7.56234      7.56278      7.56229      7.56445
      7.56225      7.55948      7.55931      7.55893      7.55810      7.55686
      7.55825      7.55965      7.55753      7.55402      7.55534      7.55955
      7.55903      7.56145      7.55913      7.56440      7.56548      7.56466
      7.56482      7.56535      7.56693      7.56872      7.57013      7.57007
      7.57111      7.57102      7.56529      7.56925      7.56775      7.56735
      7.56910      7.57153      7.57033      7.56813      7.56939      7.56827
      7.57017      7.56985      7.57310      7.57692      7.57633      7.57747
      7.57705      7.57500      7.57215      7.57250      7.57543      7.57534
      7.57558      7.57112      7.57144      7.57024      7.56972      7.56887
      7.57018      7.57155      7.56690      7.56597      7.56523      7.56601
      7.56653      7.56513      7.56528      7.56600      7.56419      7.56221
      7.56143      7.56153      7.55914      7.56254      7.56420      7.56208
      7.55957      7.55636      7.55544      7.55564      7.55447      7.55526
      7.56044      7.56134      7.56227      7.56092      7.55982      7.56358
      7.56051      7.56219      7.56277      7.56531      7.56523      7.56485
      7.56203      7.56467      7.56473      7.56519      7.56543      7.56395
      7.56620      7.56698      7.56621      7.56726      7.56832      7.56820
      7.56770      7.56513      7.56733      7.56686      7.56722      7.56511
      7.56121      7.56143      7.56242      7.56247      7.55790      7.55938
      7.55591      7.55852      7.55708      7.55481      7.54861      7.54581
      7.54929      7.54662      7.54681      7.54393      7.54580      7.54814
      7.54693      7.54582      7.54430      7.54651      7.54820      7.55244
      7.54979      7.54776      7.54946      7.55307      7.55365      7.55241
      7.55524      7.55645      7.55609      7.55451      7.55139      7.55416
      7.55492      7.55664      7.55495      7.55640      7.55309      7.55020
      7.54944      7.54880      7.55078      7.54942      7.54842      7.54352
      7.54631      7.55005      7.54502      7.54773      7.54935      7.54825
      7.54823      7.54716      7.55227      7.55273      7.55221      7.55576
      7.55771      7.55561      7.55271      7.55341      7.55220      7.55490
      7.55209      7.55211      7.55175      7.54575      7.54606      7.54754
      7.54784      7.54531      7.54486      7.54235      7.54564      7.54859
      7.54918      7.54601      7.54345      7.53935      7.53908      7.53774
      7.54009      7.53778      7.53410      7.53571      7.53778      7.53572
      7.53225      7.53310      7.53372      7.53358      7.53394      7.53606
      7.53689      7.53565      7.53349      7.53495      7.53324      7.53407
      7.53574      7.53487      7.53609      7.53630      7.53694      7.53551
      7.53114      7.53155      7.53463      7.53577      7.53259      7.53387
      7.53353      7.53615      7.53339      7.53507      7.53269      7.53589
      7.53452      7.53101      7.52801      7.52627      7.52757      7.52552
      7.51984      7.51960      7.51721      7.51844      7.51730      7.51758
      7.51761      7.51744      7.52012      7.52198      7.51994      7.52056
      7.52474      7.52529      7.52122      7.52010      7.51776      7.52003
      7.51814      7.51732      7.52129      7.52013      7.51910      7.51953
      7.52242      7.52446      7.52430      7.52354      7.52163      7.52585
      7.52220      7.51637      7.51458      7.50903      7.50992      7.50840
      7.51105      7.51367      7.51862      7.51821      7.52050      7.51818
      7.51482      7.51419      7.51373      7.51120      7.50818      7.51063
      7.51059      7.50624      7.50707      7.51003      7.50752      7.50428
      7.50322      7.50386      7.50149      7.50025      7.50068      7.49857
      7.49804      7.49573      7.49816      7.50597      7.50596      7.50681
      7.50678      7.50815      7.50656      7.50434      7.50227      7.50335
      7.50560      7.50564      7.50873      7.50822      7.50665      7.50501
      7.50433      7.50457      7.50329      7.50219      7.49604      7.49678
      7.49798      7.49823      7.49896      7.50204      7.49996      7.49948
      7.49721      7.49488      7.49744      7.49966      7.49721      7.49381
      7.49351      7.49562      7.49405      7.49587      7.49440      7.49637
      7.49911      7.49632      7.49136      7.49455      7.49649      7.49355
      7.49269      7.49676      7.49994      7.50286      7.50160      7.50498
      7.50308      7.50240      7.50504      7.50803      7.50710      7.51009
      7.50947      7.50790      7.51006      7.50987      7.51017      7.51228
      7.51232      7.51080      7.50852      7.50642      7.50761      7.50657
      7.50856      7.51049      7.51015      7.51274      7.51258      7.51247
      7.50962      7.50732      7.50893      7.51027      7.50735      7.50816
      7.51302      7.51445      7.51134      7.50872      7.50927      7.50594
      7.50743      7.50940      7.50687      7.50687      7.50945      7.50563
      7.50865      7.51018      7.51327      7.51286      7.51210      7.50741
      7.50504      7.50747      7.50614      7.50587      7.50505      7.50692
      7.50759      7.50721      7.50538      7.50208      7.50118      7.50287
      7.50012      7.50022      7.50271      7.50068      7.50184      7.50173
      7.50393      7.50617      7.50530      7.50323      7.50171      7.50173
      7.50280      7.50151      7.50390      7.49986      7.50427      7.50429
      7.50429      7.50473      7.50793      7.50793      7.50923      7.50689
      7.50184      7.50071      7.50078      7.49792      7.49698      7.50001
      7.49829      7.49898      7.49635      7.49626      7.49591      7.49413
      7.49341      7.49448      7.49400      7.49099      7.48702      7.48809
      7.48891      7.48958      7.49312      7.49610      7.49793      7.49604
      7.49773      7.49736      7.49654      7.49565      7.49879      7.49795
      7.50134      7.50077      7.50298      7.49927      7.49800      7.50233
      7.50248      7.50378      7.50137      7.49999      7.49393      7.49421
      7.49329      7.49156      7.49051      7.49254      7.49034      7.48767
      7.48568      7.48635      7.48558      7.48391      7.48394      7.48294
      7.48462      7.48443      7.48007      7.48012      7.47679      7.47526
      7.47420      7.47335      7.47578      7.47415      7.47313      7.47350
      7.47258      7.47456      7.47473      7.47525      7.47553      7.47704
      7.47343      7.47383      7.47711      7.47441      7.47464      7.47275
      7.47566      7.47438      7.47428      7.47454      7.47130      7.47045
      7.47213      7.47173      7.47237      7.47058      7.47174      7.47239
      7.47382      7.47143      7.46882      7.47073      7.47012      7.46845
      7.47146      7.47223      7.46872      7.46674      7.46703      7.46747
      7.46408      7.46550      7.46419      7.46466      7.46252      7.45991
      7.45703      7.45742      7.45856      7.46002      7.46289      7.46191
      7.46362      7.46429      7.46675      7.46850      7.46854      7.46670
      7.46530      7.46459      7.46163      7.46571      7.47082      7.47422
      7.47705      7.47633      7.47605      7.47570      7.47178      7.47141
      7.47431      7.47716      7.47865      7.47598      7.47295      7.47280
      7.47127      7.46761      7.47225      7.47260      7.47239      7.47116
      7.47136      7.46931      7.47098      7.47091      7.47229      7.47005
      7.47211      7.47251      7.47178      7.46831      7.46908      7.46838
      7.46892      7.46994      7.47055      7.47036      7.47242      7.47272
      7.47255      7.47427      7.47525      7.47705      7.47747      7.48081
      7.47555      7.47509      7.47345      7.47143      7.47172      7.47010
      7.46903      7.46633      7.46684      7.47104      7.47224      7.47484
      7.47637      7.47544      7.47518      7.47586      7.47343      7.47261
      7.47016      7.46825      7.46887      7.47010      7.47237      7.47024
      7.47558      7.47679      7.47877      7.48210      7.48264      7.48337
      7.48785      7.48562      7.48409      7.48468      7.48099      7.47823
      7.47184      7.47272      7.47141      7.47007      7.47148      7.47363
      7.47610      7.47772      7.47905      7.47832      7.47840      7.47983
      7.48097      7.48329      7.48321      7.48219      7.48111      7.47925
      7.47998      7.48178      7.48441      7.48472      7.48328      7.48247
      7.48129      7.47732      7.47580      7.47780      7.48012      7.47738
      7.47526      7.47828      7.47683      7.47722      7.47347      7.47155
      7.47476      7.47600      7.47263      7.47385      7.47169      7.47007
      7.46659      7.46419      7.46450      7.46176      7.45859      7.45787
      7.45963      7.45962      7.46192      7.46543      7.46609      7.46724
      7.46474      7.46497      0.00000      0.00000      0.00000      0.00000
      0.00000      0.00000      0.00000      0.00000      0.00000      0.00000
      0.00000      0.00000      0.00000      0.00000      0.00000      0.00000
      0.00000      0.00000      0.00000      0.00000      0.00000      0.00000
      0.00000      0.00000      0.00000      0.00000      0.00000      0.00000
      0.00000      0.00000      0.00000      0.00000      0.00000      0.00000
      0.00000      0.00000      0.00000      0.00000      0.00000      0.00000
      0.00000      0.00000      0.00000      0.00000      0.00000      0.00000
      0.00000      0.00000      0.00000      0.00000      0.00000      0.00000
      0.00000      0.00000      0.00000      0.00000      0.00000      0.00000
      0.00000      0.00000      0.00000      0.00000      0.00000      0.00000
      0.00000      0.00000      0.00000      0.00000      0.00000      0.00000
      0.00000      0.00000      0.00000      0.00000      0.00000      0.00000
      0.00000      0.00000      0.00000      0.00000      0.00000      0.00000
      0.00000      0.00000      0.00000      0.00000      0.00000      0.00000
      0.00000      0.00000      0.00000      0.00000      0.00000      0.00000
      0.00000      0.00000      0.00000      0.00000      0.00000      0.00000
      0.00000      0.00000      0.00000      0.00000      0.00000      0.00000
      0.00000      0.00000      0.00000      0.00000      0.00000      0.00000
      0.00000      0.00000      0.00000      0.00000      0.00000      0.00000
      0.00000      0.00000      0.00000      0.00000      0.00000      0.00000
      0.00000      0.00000      0.00000      0.00000      0.00000      0.00000
      0.00000      0.00000      0.00000      0.00000      0.00000      0.00000
      0.00000      0.00000      0.00000      0.00000      0.00000      0.00000
      0.00000      0.00000      0.00000      0.00000      0.00000      0.00000
      0.00000      0.00000      0.00000      0.00000      0.00000      0.00000
      0.00000      0.00000      0.00000      0.00000      0.00000      0.00000
      0.00000      0.00000      0.00000      0.00000      0.00000      0.00000
      0.00000      0.00000      0.00000      0.00000      0.00000      0.00000
      0.00000      0.00000      0.00000      0.00000      0.00000      0.00000
      0.00000      0.00000      0.00000      0.00000      0.00000      0.00000
      0.00000      0.00000      0.00000      0.00000      0.00000      0.00000
      0.00000      0.00000      0.00000      0.00000      0.00000      0.00000
      0.00000      0.00000      0.00000      0.00000      0.00000      0.00000
      0.00000      0.00000      0.00000      0.00000      0.00000      0.00000
      0.00000      0.00000      0.00000      0.00000      0.00000      0.00000
      0.00000      0.00000      0.00000      0.00000      0.00000      0.00000
      0.00000      0.00000      0.00000      0.00000      0.00000      0.00000
      0.00000      0.00000      0.00000      0.00000      0.00000      0.00000
      0.00000      0.00000      0.00000      0.00000      0.00000      0.00000
      0.00000      0.00000      0.00000      0.00000      0.00000      0.00000
      0.00000      0.00000      0.00000      0.00000      0.00000      0.00000
      0.00000      0.00000      0.00000      0.00000      0.00000      0.00000
      0.00000      0.00000      0.00000      0.00000      0.00000      0.00000
      0.00000      0.00000      0.00000      0.00000      0.00000      0.00000
      0.00000      0.00000      0.00000      0.00000      0.00000      0.00000
      0.00000      0.00000      0.00000      0.00000      0.00000      0.00000
      0.00000      0.00000      0.00000      0.00000      0.00000      0.00000
      0.00000      0.00000      0.00000      0.00000      0.00000      0.00000
      0.00000      0.00000      0.00000      0.00000      0.00000      0.00000
      0.00000      0.00000      0.00000      0.00000      0.00000      0.00000
      0.00000      0.00000      0.00000      0.00000      0.00000      0.00000
      0.00000      0.00000      0.00000      0.00000      0.00000      0.00000
      0.00000      0.00000      0.00000      0.00000      0.00000      0.00000
      0.00000      0.00000      0.00000      0.00000      0.00000      0.00000
      0.00000      0.00000      0.00000      0.00000      0.00000      0.00000
      0.00000      0.00000      0.00000      0.00000      0.00000      0.00000
      0.00000      0.00000      0.00000      0.00000      0.00000      0.00000
      0.00000      0.00000      0.00000      0.00000      0.00000      0.00000
      0.00000      0.00000      0.00000      0.00000      0.00000      0.00000
      0.00000      0.00000      0.00000      0.00000      0.00000      0.00000
      0.00000      0.00000      0.00000      0.00000      0.00000      0.00000
      0.00000      0.00000      0.00000      0.00000      0.00000      0.00000
      0.00000      0.00000      0.00000      0.00000      0.00000      0.00000
      0.00000      0.00000      0.00000      0.00000      0.00000      0.00000
      0.00000      0.00000      0.00000      0.00000      0.00000      0.00000
      0.00000      0.00000      0.00000      0.00000      0.00000      0.00000
      0.00000      0.00000      0.00000      0.00000      0.00000      0.00000
      0.00000      0.00000      0.00000      0.00000      0.00000      0.00000
      0.00000      0.00000      0.00000      0.00000      0.00000      0.00000
      0.00000      0.00000      0.00000      0.00000      0.00000      0.00000
      0.00000      0.00000      0.00000      0.00000      0.00000      0.00000
      0.00000      0.00000      0.00000      0.00000      0.00000      0.00000
      0.00000      0.00000      0.00000      0.00000      0.00000      0.00000
      0.00000      0.00000      0.00000      0.00000      0.00000      0.00000
      0.00000      0.00000      0.00000      0.00000      0.00000      0.00000
      0.00000      0.00000      0.00000      0.00000      0.00000      0.00000
      0.00000      0.00000      0.00000      0.00000      0.00000      0.00000
      0.00000      0.00000      0.00000      0.00000      0.00000      0.00000
      0.00000      0.00000      0.00000      0.00000      0.00000      0.00000
      0.00000      0.00000      0.00000      0.00000      0.00000      0.00000
      0.00000      0.00000      0.00000      0.00000      0.00000      0.00000
      0.00000      0.00000      0.00000      0.00000      0.00000      0.00000
      0.00000      0.00000      0.00000      0.00000      0.00000      0.00000
      0.00000      0.00000      0.00000      0.00000      0.00000      0.00000
      0.00000      0.00000      0.00000      0.00000      0.00000      0.00000
      0.00000      0.00000      0.00000      0.00000      0.00000      0.00000
      0.00000      0.00000      0.00000      0.00000      0.00000      0.00000
      0.00000      0.00000      0.00000      0.00000      0.00000      0.00000
      0.00000      0.00000      0.00000      0.00000      0.00000      0.00000
      0.00000      0.00000      0.00000      0.00000      0.00000      0.00000
      0.00000      0.00000      0.00000      0.00000      0.00000      0.00000
      0.00000      0.00000      0.00000      0.00000      0.00000      0.00000
      0.00000      0.00000      0.00000      0.00000      0.00000      0.00000
      0.00000      0.00000      0.00000      0.00000      0.00000      0.00000
      0.00000      0.00000      0.00000      0.00000      0.00000      0.00000
      0.00000      0.00000      0.00000      0.00000      0.00000      0.00000
      0.00000      0.00000      0.00000      0.00000      0.00000      0.00000
      0.00000      0.00000      0.00000      0.00000      0.00000      0.00000
      0.00000      0.00000      0.00000      0.00000      0.00000      0.00000
      0.00000      0.00000      0.00000      0.00000      0.00000      0.00000
      0.00000      0.00000      0.00000      0.00000      0.00000      0.00000
      0.00000      0.00000      0.00000      0.00000      0.00000      0.00000
      0.00000      0.00000      0.00000      0.00000      0.00000      0.00000
      0.00000      0.00000      0.00000      0.00000      0.00000      0.00000
      0.00000      0.00000      0.00000      0.00000      0.00000      0.00000
      0.00000      0.00000      0.00000      0.00000      0.00000      0.00000
      0.00000      0.00000      0.00000      0.00000      0.00000      0.00000
      0.00000      0.00000      0.00000      0.00000      0.00000      0.00000
      0.00000      0.00000      0.00000      0.00000      0.00000      0.00000
      0.00000      0.00000      0.00000      0.00000      0.00000      0.00000
      0.00000      0.00000      0.00000      0.00000      0.00000      0.00000
      0.00000      0.00000      0.00000      0.00000      0.00000      0.00000
      0.00000      0.00000      0.00000      0.00000      0.00000      0.00000
      0.00000      0.00000      0.00000      0.00000      0.00000      0.00000
      0.00000      0.00000      0.00000      0.00000      0.00000      0.00000
      0.00000      0.00000      0.00000      0.00000      0.00000      0.00000
      0.00000      0.00000      0.00000      0.00000      0.00000      0.00000
      0.00000      0.00000      0.00000      0.00000      0.00000      0.00000
      0.00000      0.00000      0.00000      0.00000      0.00000      0.00000
      0.00000      0.00000      0.00000      0.00000      0.00000      0.00000
      0.00000      0.00000      0.00000      0.00000      0.00000      0.00000
      0.00000      0.00000      0.00000      0.00000      0.00000      0.00000
      0.00000      0.00000      0.00000      0.00000      0.00000      0.00000
      0.00000      0.00000      0.00000      0.00000      0.00000      0.00000
      0.00000      0.00000      0.00000      0.00000      0.00000      0.00000
      0.00000      0.00000      0.00000      0.00000      0.00000      0.00000
      0.00000      0.00000      0.00000      0.00000      0.00000      0.00000
      0.00000      0.00000      0.00000      0.00000      0.00000      0.00000
      0.00000      0.00000      0.00000      0.00000      0.00000      0.00000
      0.00000      0.00000      0.00000      0.00000      0.00000      0.00000
      0.00000      0.00000      0.00000      0.00000      0.00000      0.00000
      0.00000      0.00000      0.00000      0.00000      0.00000      0.00000
      0.00000      0.00000      0.00000      0.00000      0.00000      0.00000
      0.00000      0.00000      0.00000      0.00000      0.00000      0.00000
      0.00000      0.00000      0.00000      0.00000      0.00000      0.00000
      0.00000      0.00000      0.00000      0.00000      0.00000      0.00000
      0.00000      0.00000      0.00000      0.00000      0.00000      0.00000
      0.00000      0.00000      0.00000      0.00000      0.00000      0.00000
      0.00000      0.00000      0.00000      0.00000      0.00000      0.00000
      0.00000      0.00000      0.00000      0.00000      0.00000      0.00000
      0.00000      0.00000      0.00000      0.00000      0.00000      0.00000
      0.00000      0.00000      0.00000      0.00000      0.00000      0.00000
      0.00000      0.00000      0.00000      0.00000      0.00000      0.00000
      0.00000      0.00000      0.00000      0.00000      0.00000      0.00000
      0.00000      0.00000      0.00000      0.00000      0.00000      0.00000
      0.00000      0.00000      0.00000      0.00000      0.00000      0.00000
      0.00000      0.00000      0.00000      0.00000      0.00000      0.00000
      0.00000      0.00000      0.00000      0.00000      0.00000      0.00000
      0.00000      0.00000      0.00000      0.00000      0.00000      0.00000
      0.00000      0.00000      0.00000      0.00000      0.00000      0.00000
      0.00000      0.00000      0.00000      0.00000      0.00000      0.00000
      0.00000      0.00000      0.00000      0.00000      0.00000      0.00000
      0.00000      0.00000      0.00000      0.00000      0.00000      0.00000
      0.00000      0.00000      0.00000      0.00000      0.00000      0.00000
      0.00000      0.00000      0.00000      0.00000      0.00000      0.00000
      0.00000      0.00000      0.00000      0.00000      0.00000      0.00000
      0.00000      0.00000      0.00000      0.00000      0.00000      0.00000
      0.00000      0.00000      0.00000      0.00000      0.00000      0.00000
      0.00000      0.00000      0.00000      0.00000      0.00000      0.00000
      0.00000      0.00000      0.00000      0.00000      0.00000      0.00000
      0.00000      0.00000      0.00000      0.00000      0.00000      0.00000
      0.00000      0.00000      0.00000      0.00000      0.00000      0.00000
      0.00000      0.00000      0.00000      0.00000      0.00000      0.00000
      0.00000      0.00000      0.00000      0.00000      0.00000      0.00000
      0.00000      0.00000      0.00000      0.00000      0.00000      0.00000
      0.00000      0.00000      0.00000      0.00000      0.00000      0.00000
