    2000
      6.58289      6.58258      6.58024      6.57744      6.57525      6.57288
      6.57111      6.56933      6.56772      6.56695      6.56674      6.56649
      6.56618      6.56587      6.56563      6.56582      6.56632      6.56622
      6.56678      6.56651      6.56580      6.56575      6.56591      6.56518
      6.56452      6.56332      6.56277      6.56175      6.56068      6.56041
      6.55926      6.55832      6.55749      6.55677      6.55654      6.55686
      6.55673      6.55663      6.55643      6.55554      6.55456      6.55370
      6.55337      6.55331      6.55219      6.55131      6.55118      6.55007
      6.55029      6.55040      6.54953      6.54936      6.54883      6.54808
      6.54735      6.54751      6.54707      6.54622      6.54561      6.54548
      6.54563      6.54500      6.54373      6.54403      6.54478      6.54462
      6.54405      6.54352      6.54319      6.54289      6.54249      6.54194
      6.54251      6.54264      6.54256      6.54259      6.54281      6.54324
      6.54420      6.54412      6.54304      6.54358      6.54356      6.54400
      6.54544      6.54453      6.54448      6.54545      6.54682      6.54743
      6.54780      6.54771      6.54840      6.54886      6.54950      6.55056
      6.55118      6.55088      6.55002      6.55020      6.55030      6.55075
      6.55151      6.55182      6.55116      6.55143      6.55233      6.55225
      6.55248      6.55252      6.55289      6.55303      6.55436      6.55504
      6.55623      6.55650      6.55684      6.55690      6.55760      6.55790
      6.55838      6.55889      6.55906      6.55929      6.56037      6.56135
      6.56170      6.56199      6.56316      6.56415      6.56532      6.56632
      6.56648      6.56698      6.56775      6.56864      6.56975      6.57069
      6.57186      6.57268      6.57356      6.57465      6.57523      6.57629
      6.57771      6.57836      6.57918      6.57932      6.58024      6.58124
      6.58228      6.58358      6.58491      6.58649      6.58761      6.58827
      6.58900      6.59056      6.59173      6.59219      6.59346      6.59490
      6.59597      6.59744      6.59863      6.59968      6.60043      6.60071
      6.60250      6.60377      6.60527      6.60646      6.60757      6.60818
      6.60913      6.61055      6.61118      6.61161      6.61281      6.61390
      6.61517      6.61658      6.61849      6.61986      6.62103      6.62199
      6.62293      6.62371      6.62506      6.62636      6.62723      6.62819
      6.62957      6.63040      6.63225      6.63295      6.63474      6.63618
      6.63704      6.63806      6.63924      6.64104      6.64270      6.64395
      6.64536      6.64649      6.64791      6.64889      6.64978      6.65103
      6.65168      6.65241      6.65394      6.65534      6.65674      6.65825
      6.65942      6.66027      6.66171      6.66296      6.66442      6.66544
      6.66623      6.66718      6.66820      6.66946      6.67018      6.67146
      6.67279      6.67459      6.67554      6.67668      6.67762      6.67875
      6.67988      6.68142      6.68285      6.68359      6.68412      6.68468
      6.68553      6.68680      6.68855      6.68975      6.69050      6.69128
      6.69227      6.69321      6.69456      6.69614      6.69770      6.69871
      6.69970      6.70047      6.70143      6.70279      6.70391      6.70493
      6.70468      6.70520      6.70658      6.70764      6.70783      6.70841
      6.70906      6.70994      6.71069      6.71171      6.71272      6.71358
      6.71407      6.71478      6.71591      6.71640      6.71733      6.71810
      6.71883      6.71952      6.72075      6.72195      6.72250      6.72321
      6.72382      6.72436      6.72530      6.72619      6.72632      6.72581
      6.72594      6.72756      6.72875      6.72967      6.72983      6.73005
      6.73040      6.73122      6.73202      6.73270      6.73341      6.73378
      6.73410      6.73513      6.73587      6.73632      6.73724      6.73794
      6.73914      6.74023      6.74121      6.74255      6.74321      6.74299
      6.74349      6.74360      6.74374      6.74452      6.74542      6.74688
      6.74758      6.74844      6.74908      6.74956      6.75014      6.75107
      6.75156      6.75307      6.75366      6.75454      6.75527      6.75565
      6.75628      6.75669      6.75743      6.75842      6.75938      6.75946
      6.76012      6.76074      6.76124      6.76207      6.76267      6.76293
      6.76396      6.76510      6.76595      6.76669      6.76640      6.76665
      6.76788      6.76914      6.77026      6.77020      6.77079      6.77168
      6.77245      6.77311      6.77367      6.77411      6.77408      6.77429
      6.77450      6.77448      6.77378      6.77471      6.77563      6.77618
      6.77655      6.77636      6.77649      6.77727      6.77778      6.77807
      6.77857      6.77888      6.77928      6.77933      6.77932      6.77899
      6.77934      6.77974      6.78009      6.77969      6.77980      6.77990
      6.78012      6.78062      6.78089      6.78141      6.78158      6.78180
      6.78200      6.78229      6.78254      6.78241      6.78253      6.78208
      6.78266      6.78315      6.78383      6.78445      6.78470      6.78483
      6.78438      6.78412      6.78465      6.78536      6.78607      6.78587
      6.78563      6.78608      6.78596      6.78624      6.78674      6.78707
      6.78740      6.78766      6.78822      6.78938      6.78995      6.79073
      6.79087      6.79093      6.79156      6.79156      6.79192      6.79210
      6.79271      6.79364      6.79403      6.79376      6.79367      6.79412
      6.79475      6.79509      6.79477      6.79502      6.79521      6.79587
      6.79600      6.79648      6.79688      6.79724      6.79776      6.79820
      6.79835      6.79856      6.79855      6.79877      6.79974      6.80034
      6.80011      6.80007      6.80013      6.79995      6.79955      6.79902
      6.79927      6.79999      6.80017      6.80149      6.80192      6.80234
      6.80330      6.80510      6.80618      6.80643      6.80610      6.80552
      6.80545      6.80497      6.80410      6.80310      6.80231      6.80218
      6.80266      6.80317      6.80289      6.80321      6.80404      6.80494
      6.80629      6.80724      6.80739      6.80792      6.80885      6.80938
      6.80973      6.80931      6.80987      6.80996      6.80991      6.81061
      6.81144      6.81170      6.81191      6.81220      6.81257      6.81290
      6.81320      6.81254      6.81244      6.81249      6.81275      6.81349
      6.81413      6.81469      6.81476      6.81533      6.81579      6.81615
      6.81704      6.81738      6.81801      6.81869      6.81865      6.81875
      6.81846      6.81847      6.81906      6.81894      6.81831      6.81814
      6.81796      6.81837      6.81893      6.81951      6.82015      6.82018
      6.82004      6.81989      6.81993      6.81975      6.81976      6.82039
      6.82026      6.82004      6.82057      6.82080      6.82089      6.82118
      6.82071      6.82062      6.82126      6.82174      6.82180      6.82186
      6.82185      6.82153      6.82117      6.82143      6.82181      6.82233
      6.82167      6.82174      6.82127      6.82088      6.82002      6.81954
      6.81937      6.81986      6.82018      6.82026      6.81924      6.81898
      6.81900      6.81935      6.82015      6.82059      6.81979      6.81950
      6.81987      6.81971      6.81856      6.81803      6.81777      6.81815
      6.81778      6.81831      6.81822      6.81748      6.81744      6.81735
      6.81647      6.81630      6.81578      6.81560      6.81569      6.81494
      6.81490      6.81506      6.81515      6.81506      6.81561      6.81582
      6.81637      6.81652      6.81593      6.81660      6.81791      6.81922
      6.82016      6.82058      6.82084      6.82034      6.81945      6.81798
      6.81709      6.81669      6.81622      6.81625      6.81677      6.81697
      6.81750      6.81916      6.82022      6.82016      6.82016      6.81981
      6.81906      6.81826      6.81756      6.81739      6.81699      6.81655
      6.81612      6.81579      6.81663      6.81721      6.81808      6.81819
      6.81702      6.81645      6.81639      6.81571      6.81537      6.81551
      6.81535      6.81492      6.81463      6.81440      6.81426      6.81444
      6.81399      6.81361      6.81304      6.81254      6.81156      6.81200
      6.81233      6.81201      6.81207      6.81215      6.81136      6.81097
      6.81020      6.80989      6.80965      6.80951      6.80972      6.80951
      6.80993      6.80879      6.80730      6.80605      6.80495      6.80366
      6.80247      6.80141      6.79959      6.79815      6.79709      6.79605
      6.79485      6.79402      6.79330      6.79173      6.78986      6.78845
      6.78798      6.78708      6.78560      6.78412      6.78308      6.78259
      6.78163      6.78093      6.78043      6.78056      6.78071      6.78142
      6.78128      6.78103      6.78051      6.77933      6.77760      6.77570
      6.77398      6.77245      6.77081      6.76935      6.76829      6.76716
      6.76689      6.76676      6.76645      6.76575      6.76400      6.76159
      6.75971      6.75773      6.75511      6.75259      6.75067      6.74893
      6.74749      6.74671      6.74610      6.74533      6.74439      6.74310
      6.74164      6.74010      6.73772      6.73518      6.73246      6.72991
      6.72721      6.72422      6.72143      6.71933      6.71736      6.71566
      6.71385      6.71165      6.70956      6.70765      6.70527      6.70313
      6.70110      6.69953      6.69809      6.69640      6.69513      6.69361
      6.69309      6.69156      6.68956      6.68744      6.68536      6.68321
      6.68098      6.67934      6.67735      6.67504      6.67219      6.66964
      6.66657      6.66324      6.66016      6.65727      6.65408      6.65131
      6.64852      6.64577      6.64304      6.64035      6.63761      6.63502
      6.63236      6.62906      6.62579      6.62243      6.61922      6.61591
      6.61302      6.60998      6.60674      6.60426      6.60126      6.59871
      6.59594      6.59279      6.58920      6.58572      6.58258      6.57915
      6.57566      6.57200      6.56871      6.56581      6.56261      6.55899
      6.55561      6.55197      6.54872      6.54566      6.54209      6.53851
      6.53512      6.53175      6.52854      6.52521      6.52221      6.51872
      6.51487      6.51124      6.50770      6.50426      6.50060      6.49680
      6.49356      6.49001      6.48688      6.48394      6.48060      6.47769
      6.47446      6.47145      6.46842      6.46509      6.46209      6.45906
      6.45606      6.45283      6.44971      6.44680      6.44382      6.44097
      6.43817      6.43497      6.43232      6.42980      6.42728      6.42484
      6.42215      6.41907      6.41635      6.41339      6.41040      6.40751
      6.40472      6.40192      6.39936      6.39689      6.39412      6.39098
      6.38828      6.38498      6.38169      6.37863      6.37557      6.37344
      6.37052      6.36708      6.36372      6.36069      6.35784      6.35457
      6.35231      6.34971      6.34666      6.34368      6.34101      6.33801
      6.33450      6.33125      6.32825      6.32542      6.32276      6.32015
      6.31721      6.31431      6.31116      6.30875      6.30615      6.30311
      6.30036      6.29787      6.29532      6.29245      6.28977      6.28705
      6.28439      6.28167      6.27893      6.27675      6.27391      6.27143
      6.26912      6.26659      6.26355      6.26035      6.25764      6.25522
      6.25280      6.25054      6.24837      6.24575      6.24370      6.24155
      6.23886      6.23624      6.23375      6.23135      6.22934      6.22733
      6.22500      6.22225      6.21977      6.21763      6.21536      6.21303
      6.21048      6.20844      6.20645      6.20446      6.20220      6.20020
      6.19747      6.19550      6.19314      6.19120      6.18904      6.18681
      6.18494      6.18335      6.18167      6.17940      6.17755      6.17543
      6.17296      6.17037      6.16769      6.16545      6.16297      6.16041
      6.15757      6.15509      6.15244      6.14997      6.14768      6.14565
      6.14339      6.14107      6.13914      6.13668      6.13429      6.13224
      6.13021      6.12775      6.12612      6.12415      6.12084      6.11798
      6.11620      6.11403      6.11204      6.11027      6.10792      6.10565
      6.10350      6.10162      6.09957      6.09726      6.09489      6.09269
      6.09051      6.08802      6.08586      6.08374      6.08151      6.07899
      6.07632      6.07404      6.07191      6.07011      6.06728      6.06515
      6.06328      6.06163      6.06009      6.05749      6.05483      6.05227
      6.04950      6.04751      6.04576      6.04339      6.04146      6.03984
      6.03826      6.03702      6.03547      6.03386      6.03207      6.03027
      6.02942      6.02855      6.02669      6.02473      6.02279      6.01970
      6.01724      6.01524      6.01330      6.01028      6.00856      6.00654
      6.00502      6.00280      6.00051      5.99857      5.99664      5.99481
      5.99278      5.99107      5.98894      5.98684      5.98443      5.98183
      5.97989      5.97762      5.97554      5.97387      5.97199      5.96981
      5.96745      5.96583      5.96372      5.96093      5.95893      5.95683
      5.95422      5.95188      5.94993      5.94792      5.94577      5.94291
      5.94052      5.93832      5.93580      5.93341      5.93116      5.92889
      5.92670      5.92463      5.92241      5.92013      5.91800      5.91575
      5.91337      5.91136      5.90891      5.90670      5.90437      5.90157
      5.89917      5.89752      5.89544      5.89402      5.89187      5.88956
      5.88808      5.88634      5.88441      5.88316      5.88100      5.87831
      5.87640      5.87490      5.87354      5.87132      5.86949      5.86770
      5.86579      5.86391      5.86211      5.85998      5.85785      5.85524
      5.85307      5.85154      5.84940      5.84782      5.84687      5.84487
      5.84296      5.84133      5.83973      5.83872      5.83673      5.83456
      5.83346      5.83179      5.83061      5.83002      5.82860      5.82649
      5.82432      5.82328      5.82161      5.82014      5.81844      5.81681
      5.81455      5.81325      5.81104      5.81011      5.80904      5.80703
      5.80480      5.80267      5.79992      5.79776      5.79632      5.79440
      5.79229      5.79016      5.78842      5.78682      5.78524      5.78274
      5.78017      5.77833      5.77660      5.77463      5.77252      5.77057
      5.76852      5.76754      5.76575      5.76469      5.76299      5.76061
      5.75836      5.75700      5.75583      5.75485      5.75333      5.75227
      5.75022      5.74832      5.74648      5.74454      5.74331      5.74225
      5.74129      5.73985      5.73837      5.73607      5.73429      5.73293
      5.73179      5.73052      5.72940      5.72826      5.72744      5.72667
      5.72513      5.72261      5.72107      5.71985      5.71859      5.71679
      5.71498      5.71380      5.71214      5.71090      5.70926      5.70804
      5.70523      5.70370      5.70229      5.70022      5.69817      5.69676
      5.69490      5.69306      5.69092      5.68972      5.68734      5.68496
      5.68316      5.68164      5.68024      5.67896      5.67753      5.67568
      5.67431      5.67262      5.67045      5.66942      5.66754      5.66609
      5.66479      5.66399      5.66319      5.66104      5.65995      5.65888
      5.65722      5.65566      5.65430      5.65308      5.65102      5.64926
      5.64796      5.64685      5.64556      5.64437      5.64316      5.64258
      5.64162      5.64005      5.63939      5.63876      5.63710      5.63586
      5.63365      5.63169      5.63015      5.62805      5.62683      5.62539
      5.62371      5.62169      5.62036      5.61801      5.61627      5.61526
      5.61376      5.61290      5.61044      5.60820      5.60638      5.60553
      5.60402      5.60229      5.60100      5.59970      5.59889      5.59759
      5.59656      5.59492      5.59331      5.59153      5.59038      5.58829
      5.58608      5.58416      5.58211      5.58039      5.57890      5.57725
      5.57462      5.57330      5.57247      5.57143      5.57031      5.56868
      5.56727      5.56483      5.56283      5.56134      5.56024      5.55828
      5.55557      5.55320      5.55179      5.55002      5.54761      5.54707
      5.54662      5.54470      5.54304      5.54147      5.53957      5.53806
      5.53627      5.53424      5.53266      5.53067      5.52835      5.52707
      5.52482      5.52279      5.52155      5.52051      5.51880      5.51733
      5.51569      5.51483      5.51357      5.51255      5.51144      5.50904
      5.50782      5.50689      5.50560      5.50498      5.50419      5.50338
      5.50229      5.50018      5.49899      5.49787      5.49663      5.49542
      5.49391      5.49213      5.49050      5.48930      5.48760      5.48596
      5.48484      5.48276      5.48073      5.48027      5.47954      5.47805
      5.47694      5.47497      5.47450      5.47403      5.47259      5.47134
      5.47039      5.46909      5.46706      5.46493      5.46371      5.46263
      5.46096      5.45922      5.45682      5.45577      5.45477      5.45333
      5.45195      5.45135      5.44966      5.44806      5.44749      5.44630
      5.44533      5.44430      5.44328      5.44201      5.44126      5.43977
      5.43799      5.43678      5.43580      5.43539      5.43479      5.43309
      5.43187      5.43010      5.42896      5.42672      5.42491      5.42409
      5.42270      5.42141      5.41989      5.41893      5.41816      5.41579
      5.41471      5.41359      5.41186      5.41090      5.41005      5.40951
      5.40754      5.40608      5.40511      5.40443      5.40337      5.40132
      5.40014      5.39915      5.39790      5.39661      5.39503      5.39248
      5.39187      5.39140      5.39092      5.38968      5.38876      5.38731
      5.38622      5.38562      5.38436      5.38219      5.38054      5.37945
      5.37847      5.37691      5.37542      5.37374      5.37219      5.37126
      5.37054      5.36999      5.36859      5.36716      5.36632      5.36536
      5.36400      5.36291      5.36098      5.36001      5.35857      5.35732
      5.35595      5.35499      5.35396      5.35289      5.35238      5.35086
      5.34981      5.34909      5.34847      5.34697      5.34530      5.34378
      5.34316      5.34197      5.34050      5.33931      5.33852      5.33746
      5.33657      5.33540      5.33370      5.33203      5.33048      5.32952
      5.32863      5.32733      5.32574      5.32448      5.32254      5.32075
      5.31932      5.31780      5.31619      5.31529      5.31412      5.31256
      5.31194      5.31073      5.30941      5.30764      5.30569      5.30478
      5.30288      5.30155      5.30080      5.30020      5.29923      5.29742
      5.29626      5.29517      5.29378      5.29243      5.29150      5.29000
      5.28908      5.28800      5.28743      5.28620      5.28472      5.28359
      5.28256      5.28196      5.28036      5.27856      5.27789      5.27629
      5.27461      5.27251      5.27182      5.27097      5.26978      5.26835
      5.26690      5.26593      5.26532      5.26455      5.26233      5.26231
      5.26213      5.26133      5.25991      5.25905      5.25719      5.25556
      5.25546      5.25424      5.25373      5.25328      5.25148      5.25087
      5.25027      5.24877      5.24793      5.24623      5.24504      5.24389
      5.24341      5.24190      5.24075      5.23932      5.23798      5.23683
      5.23550      5.23448      5.23347      5.23200      5.23085      5.23100
      5.22972      5.22739      5.22639      5.22513      5.22473      5.22427
      5.22314      5.22138      5.22031      5.21919      5.21850      5.21784
      5.21647      5.21472      5.21336      5.21238      5.21074      5.20944
      5.20827      5.20686      5.20497      5.20397      5.20293      5.20261
      5.20162      5.20070      5.19986      5.19875      5.19781      5.19643
      5.19446      5.19232      5.19148      5.19001      5.18919      5.18765
      5.18653      5.18484      5.18424      5.18336      5.18244      5.18067
      5.17868      5.17802      5.17745      5.17672      5.17597      5.17532
      5.17371      5.17293      5.17163      5.17084      5.17067      5.16933
      5.16808      5.16709      5.16648      5.16591      5.16470      5.16353
      5.16281      5.16129      5.16040      5.15910      5.15794      5.15745
      5.15687      5.15518      5.15404      5.15293      5.15211      5.15097
      5.15010      5.14958      5.14870      5.14738      5.14595      5.14406
      5.14334      5.14284      5.14172      5.14008      5.13928      5.13888
      5.13770      5.13727      5.13620      5.13432      5.13326      5.13279
      5.13208      5.13167      5.13048      5.12912      5.12837      5.12760
      5.12612      5.12593      5.12568      5.12417      5.12295      5.12183
      5.12038      5.11953      5.11805      5.11711      5.11623      5.11517
      5.11482      5.11400      5.11327      5.11201      5.11038      5.10992
      5.10855      5.10707      5.10637      5.10514      5.10419      5.10305
      5.10206      5.10093      5.09961      5.09913      5.09814      5.09775
      5.09724      5.09593      5.09485      5.09366      5.09206      5.09009
      5.08941      5.08833      5.08669      5.08541      5.08424      5.08305
      5.08198      5.08105      5.07987      5.07879      5.07813      5.07731
      5.07600      5.07472      5.07357      5.07251      5.07181      5.07111
      5.07057      5.06959      5.06892      5.06874      5.06757      5.06633
      5.06524      5.06421      5.06316      5.06194      5.06080      5.05989
      5.05933      5.05788      5.05687      5.05631      5.05615      5.05584
      5.05505      5.05439      5.05302      5.05136      5.05085      5.05033
      5.04980      5.04894      5.04778      5.04743      5.04647      5.04526
      5.04480      5.04387      5.04306      5.04262      5.04155      5.03976
      5.03874      5.03756      5.03590      5.03431      5.03323      5.03229
      5.03142      5.02940      5.02736      5.02661      5.02523      5.02364
      5.02217      5.02105      5.01996      5.01996      5.01944      5.01874
      5.01783      5.01674      5.01526      5.01479      5.01400      5.01353
      5.01224      5.01144      5.01087      5.01035      5.01039      5.00914
      5.00743      5.00684      5.00583      5.00437      5.00325      5.00223
      5.00159      5.00047      4.99999      4.99894      4.99827      4.99742
      4.99584      4.99427      4.99269      4.99197      4.99085      4.98997
      4.98894      4.98814      4.98647      4.98562      4.98458      4.98341
      4.98246      4.98239      4.98215      4.98031      4.97913      4.97825
      4.97820      4.97758      4.97603      4.97534      4.97483      4.97429
      4.97453      4.97386      4.97303      4.97128      4.96989      4.96843
      4.96766      4.96745      4.96737      4.96674      4.96590      4.96560
      4.96426      4.96325      4.96243      4.96135      4.96026      4.95962
      4.95889      4.95802      4.95727      4.95651      4.95554      4.95435
      4.95384      4.95218      4.95151      4.95052      4.94947      4.94866
      4.94791      4.94675      4.94611      4.94519      4.94428      4.94314
      4.94212      4.94098      4.94022      4.93938      4.93855      4.93740
      4.93719      4.93623      4.93507      4.93468      4.93396      4.93284
      4.93253      4.93172      4.93085      4.93016      4.93032      4.92954
      4.92804      4.92665      4.92591      4.92436      4.92334      4.92315
      4.92271      4.92127      4.92004      4.91835      4.91779      4.91727
      4.91665      4.91598      4.91536      4.91482      4.91408      4.91329
      4.91246      4.91151      4.91043      4.90981      4.90824      4.90719
      4.90617      4.90491      4.90370      4.90300      4.90242      4.90185
      4.90122      4.90115      4.89993      4.89925      4.89856      4.89814
      4.89751      4.89639      4.89569      4.89487      4.89463      4.89368
      4.89337      4.89384      4.89291      4.89238      4.89206      4.89161
      4.89052      4.88948      4.88858      4.88819      4.88705      4.88536
      4.88372      4.88316      4.88251      4.88237      4.88156      4.88058
      4.88001      4.87968      4.87901      4.87838      4.87823      4.87816
      4.87859      4.87771      4.87713      4.87609      4.87513      4.87413
      4.87343      4.87301      4.87185      4.87014      4.86841      4.86842
      4.86862      4.86779      4.86708      4.86652      4.86559      4.86512
      4.86322      4.86257      4.86177      4.86150      4.86075      4.86052
      4.85962      4.85864      4.85777      4.85687      4.85621      4.85520
      4.85396      4.85230      4.85041      4.84957      4.84896      4.84787
      4.84670      4.84497      4.84443      4.84439      4.84346      4.84258
      4.84144      4.84039      4.83976      4.83931      4.83935      4.83945
      4.83945      4.83850      4.83823      4.83811      4.83776      4.83714
      4.83689      4.83583      4.83513      4.83515      4.83484      4.83402
      4.83370      4.83261      4.83157      4.83068      4.82935      4.82885
      4.82748      4.82645      4.82518      4.82502      4.82371      4.82256
      4.82213      4.82116      4.82015      4.81969      4.81897      4.81778
      4.81780      4.81674      4.81553      4.81475      4.81405      4.81422
      4.81287      4.81164      4.81102      4.81019      4.80967      4.80911
      4.80863      4.80832      4.80740      4.80757      4.80754      4.80730
      4.80730      4.80664      4.80575      4.80501      4.80444      4.80364
      4.80378      4.80269      0.00000      0.00000      0.00000      0.00000
      0.00000      0.00000      0.00000      0.00000      0.00000      0.00000
      0.00000      0.00000      0.00000      0.00000      0.00000      0.00000
      0.00000      0.00000      0.00000      0.00000      0.00000      0.00000
      0.00000      0.00000      0.00000      0.00000      0.00000      0.00000
      0.00000      0.00000      0.00000      0.00000      0.00000      0.00000
      0.00000      0.00000      0.00000      0.00000      0.00000      0.00000
      0.00000      0.00000      0.00000      0.00000      0.00000      0.00000
      0.00000      0.00000      0.00000      0.00000      0.00000      0.00000
      0.00000      0.00000      0.00000      0.00000      0.00000      0.00000
      0.00000      0.00000      0.00000      0.00000      0.00000      0.00000
      0.00000      0.00000      0.00000      0.00000      0.00000      0.00000
      0.00000      0.00000      0.00000      0.00000      0.00000      0.00000
      0.00000      0.00000      0.00000      0.00000      0.00000      0.00000
      0.00000      0.00000      0.00000      0.00000      0.00000      0.00000
      0.00000      0.00000      0.00000      0.00000      0.00000      0.00000
      0.00000      0.00000      0.00000      0.00000      0.00000      0.00000
      0.00000      0.00000      0.00000      0.00000      0.00000      0.00000
      0.00000      0.00000      0.00000      0.00000      0.00000      0.00000
      0.00000      0.00000      0.00000      0.00000      0.00000      0.00000
      0.00000      0.00000      0.00000      0.00000      0.00000      0.00000
      0.00000      0.00000      0.00000      0.00000      0.00000      0.00000
      0.00000      0.00000      0.00000      0.00000      0.00000      0.00000
      0.00000      0.00000      0.00000      0.00000      0.00000      0.00000
      0.00000      0.00000      0.00000      0.00000      0.00000      0.00000
      0.00000      0.00000      0.00000      0.00000      0.00000      0.00000
      0.00000      0.00000      0.00000      0.00000      0.00000      0.00000
      0.00000      0.00000      0.00000      0.00000      0.00000      0.00000
      0.00000      0.00000      0.00000      0.00000      0.00000      0.00000
      0.00000      0.00000      0.00000      0.00000      0.00000      0.00000
      0.00000      0.00000      0.00000      0.00000      0.00000      0.00000
      0.00000      0.00000      0.00000      0.00000      0.00000      0.00000
      0.00000      0.00000      0.00000      0.00000      0.00000      0.00000
      0.00000      0.00000      0.00000      0.00000      0.00000      0.00000
      0.00000      0.00000      0.00000      0.00000      0.00000      0.00000
      0.00000      0.00000      0.00000      0.00000      0.00000      0.00000
      0.00000      0.00000      0.00000      0.00000      0.00000      0.00000
      0.00000      0.00000      0.00000      0.00000      0.00000      0.00000
      0.00000      0.00000      0.00000      0.00000      0.00000      0.00000
      0.00000      0.00000      0.00000      0.00000      0.00000      0.00000
      0.00000      0.00000      0.00000      0.00000      0.00000      0.00000
      0.00000      0.00000      0.00000      0.00000      0.00000      0.00000
      0.00000      0.00000      0.00000      0.00000      0.00000      0.00000
      0.00000      0.00000      0.00000      0.00000      0.00000      0.00000
      0.00000      0.00000      0.00000      0.00000      0.00000      0.00000
      0.00000      0.00000      0.00000      0.00000      0.00000      0.00000
      0.00000      0.00000      0.00000      0.00000      0.00000      0.00000
      0.00000      0.00000      0.00000      0.00000      0.00000      0.00000
      0.00000      0.00000      0.00000      0.00000      0.00000      0.00000
      0.00000      0.00000      0.00000      0.00000      0.00000      0.00000
      0.00000      0.00000      0.00000      0.00000      0.00000      0.00000
      0.00000      0.00000      0.00000      0.00000      0.00000      0.00000
      0.00000      0.00000      0.00000      0.00000      0.00000      0.00000
      0.00000      0.00000      0.00000      0.00000      0.00000      0.00000
      0.00000      0.00000      0.00000      0.00000      0.00000      0.00000
      0.00000      0.00000      0.00000      0.00000      0.00000      0.00000
      0.00000      0.00000      0.00000      0.00000      0.00000      0.00000
      0.00000      0.00000      0.00000      0.00000      0.00000      0.00000
      0.00000      0.00000      0.00000      0.00000      0.00000      0.00000
      0.00000      0.00000      0.00000      0.00000      0.00000      0.00000
      0.00000      0.00000      0.00000      0.00000      0.00000      0.00000
      0.00000      0.00000      0.00000      0.00000      0.00000      0.00000
      0.00000      0.00000      0.00000      0.00000      0.00000      0.00000
      0.00000      0.00000      0.00000      0.00000      0.00000      0.00000
      0.00000      0.00000      0.00000      0.00000      0.00000      0.00000
      0.00000      0.00000      0.00000      0.00000      0.00000      0.00000
      0.00000      0.00000      0.00000      0.00000      0.00000      0.00000
      0.00000      0.00000      0.00000      0.00000      0.00000      0.00000
      0.00000      0.00000      0.00000      0.00000      0.00000      0.00000
      0.00000      0.00000      0.00000      0.00000      0.00000      0.00000
      0.00000      0.00000      0.00000      0.00000      0.00000      0.00000
      0.00000      0.00000      0.00000      0.00000      0.00000      0.00000
      0.00000      0.00000      0.00000      0.00000      0.00000      0.00000
      0.00000      0.00000      0.00000      0.00000      0.00000      0.00000
      0.00000      0.00000      0.00000      0.00000      0.00000      0.00000
      0.00000      0.00000      0.00000      0.00000      0.00000      0.00000
      0.00000      0.00000      0.00000      0.00000      0.00000      0.00000
      0.00000      0.00000      0.00000      0.00000      0.00000      0.00000
      0.00000      0.00000      0.00000      0.00000      0.00000      0.00000
      0.00000      0.00000      0.00000      0.00000      0.00000      0.00000
      0.00000      0.00000      0.00000      0.00000      0.00000      0.00000
      0.00000      0.00000      0.00000      0.00000      0.00000      0.00000
      0.00000      0.00000      0.00000      0.00000      0.00000      0.00000
      0.00000      0.00000      0.00000      0.00000      0.00000      0.00000
      0.00000      0.00000      0.00000      0.00000      0.00000      0.00000
      0.00000      0.00000      0.00000      0.00000      0.00000      0.00000
      0.00000      0.00000      0.00000      0.00000      0.00000      0.00000
      0.00000      0.00000      0.00000      0.00000      0.00000      0.00000
      0.00000      0.00000      0.00000      0.00000      0.00000      0.00000
      0.00000      0.00000      0.00000      0.00000      0.00000      0.00000
      0.00000      0.00000      0.00000      0.00000      0.00000      0.00000
      0.00000      0.00000      0.00000      0.00000      0.00000      0.00000
      0.00000      0.00000      0.00000      0.00000      0.00000      0.00000
      0.00000      0.00000      0.00000      0.00000      0.00000      0.00000
      0.00000      0.00000      0.00000      0.00000      0.00000      0.00000
      0.00000      0.00000      0.00000      0.00000      0.00000      0.00000
      0.00000      0.00000      0.00000      0.00000      0.00000      0.00000
      0.00000      0.00000      0.00000      0.00000      0.00000      0.00000
      0.00000      0.00000      0.00000      0.00000      0.00000      0.00000
      0.00000      0.00000      0.00000      0.00000      0.00000      0.00000
      0.00000      0.00000      0.00000      0.00000      0.00000      0.00000
      0.00000      0.00000      0.00000      0.00000      0.00000      0.00000
      0.00000      0.00000      0.00000      0.00000      0.00000      0.00000
      0.00000      0.00000      0.00000      0.00000      0.00000      0.00000
      0.00000      0.00000      0.00000      0.00000      0.00000      0.00000
      0.00000      0.00000      0.00000      0.00000      0.00000      0.00000
      0.00000      0.00000      0.00000      0.00000      0.00000      0.00000
      0.00000      0.00000      0.00000      0.00000      0.00000      0.00000
      0.00000      0.00000      0.00000      0.00000      0.00000      0.00000
      0.00000      0.00000      0.00000      0.00000      0.00000      0.00000
      0.00000      0.00000      0.00000      0.00000      0.00000      0.00000
      0.00000      0.00000      0.00000      0.00000      0.00000      0.00000
      0.00000      0.00000      0.00000      0.00000      0.00000      0.00000
      0.00000      0.00000      0.00000      0.00000      0.00000      0.00000
      0.00000      0.00000      0.00000      0.00000      0.00000      0.00000
      0.00000      0.00000      0.00000      0.00000      0.00000      0.00000
      0.00000      0.00000      0.00000      0.00000      0.00000      0.00000
      0.00000      0.00000      0.00000      0.00000      0.00000      0.00000
      0.00000      0.00000      0.00000      0.00000      0.00000      0.00000
      0.00000      0.00000      0.00000      0.00000      0.00000      0.00000
      0.00000      0.00000      0.00000      0.00000      0.00000      0.00000
      0.00000      0.00000      0.00000      0.00000      0.00000      0.00000
      0.00000      0.00000      0.00000      0.00000      0.00000      0.00000
      0.00000      0.00000      0.00000      0.00000      0.00000      0.00000
      0.00000      0.00000      0.00000      0.00000      0.00000      0.00000
      0.00000      0.00000      0.00000      0.00000      0.00000      0.00000
      0.00000      0.00000      0.00000      0.00000      0.00000      0.00000
      0.00000      0.00000      0.00000      0.00000      0.00000      0.00000
      0.00000      0.00000      0.00000      0.00000      0.00000      0.00000
      0.00000      0.00000      0.00000      0.00000      0.00000      0.00000
      0.00000      0.00000      0.00000      0.00000      0.00000      0.00000
      0.00000      0.00000      0.00000      0.00000      0.00000      0.00000
      0.00000      0.00000      0.00000      0.00000      0.00000      0.00000
      0.00000      0.00000      0.00000      0.00000      0.00000      0.00000
      0.00000      0.00000      0.00000      0.00000      0.00000      0.00000
      0.00000      0.00000      0.00000      0.00000      0.00000      0.00000
      0.00000      0.00000      0.00000      0.00000      0.00000      0.00000
      0.00000      0.00000      0.00000      0.00000      0.00000      0.00000
      0.00000      0.00000      0.00000      0.00000      0.00000      0.00000
      0.00000      0.00000      0.00000      0.00000      0.00000      0.00000
      0.00000      0.00000      0.00000      0.00000      0.00000      0.00000
      0.00000      0.00000      0.00000      0.00000      0.00000      0.00000
      0.00000      0.00000      0.00000      0.00000      0.00000      0.00000
      0.00000      0.00000      0.00000      0.00000      0.00000      0.00000
      0.00000      0.00000      0.00000      0.00000      0.00000      0.00000
      0.00000      0.00000      0.00000      0.00000      0.00000      0.00000
      0.00000      0.00000      0.00000      0.00000      0.00000      0.00000
      0.00000      0.00000      0.00000      0.00000      0.00000      0.00000
      0.00000      0.00000      0.00000      0.00000      0.00000      0.00000
      0.00000      0.00000      0.00000      0.00000      0.00000      0.00000
      0.00000      0.00000      0.00000      0.00000      0.00000      0.00000
      0.00000      0.00000      0.00000      0.00000      0.00000      0.00000
      0.00000      0.00000      0.00000      0.00000      0.00000      0.00000
      0.00000      0.00000      0.00000      0.00000      0.00000      0.00000
      0.00000      0.00000      0.00000      0.00000      0.00000      0.00000
      0.00000      0.00000      0.00000      0.00000      0.00000      0.00000
      0.00000      0.00000      0.00000      0.00000      0.00000      0.00000
      0.00000      0.00000      0.00000      0.00000      0.00000      0.00000
      0.00000      0.00000      0.00000      0.00000      0.00000      0.00000
      0.00000      0.00000      0.00000      0.00000      0.00000      0.00000
      0.00000      0.00000      0.00000      0.00000      0.00000      0.00000
      0.00000      0.00000      0.00000      0.00000      0.00000      0.00000
      0.00000      0.00000      0.00000      0.00000      0.00000      0.00000
      0.00000      0.00000      0.00000      0.00000      0.00000      0.00000
      0.00000      0.00000      0.00000      0.00000      0.00000      0.00000
      0.00000      0.00000      0.00000      0.00000      0.00000      0.00000
      0.00000      0.00000      0.00000      0.00000      0.00000      0.00000
