    2000
      8.78993      8.79065      8.79124      8.79282      8.79418      8.79520
      8.79598      8.79718      8.79864      8.79983      8.80093      8.80135
      8.80275      8.80311      8.80374      8.80450      8.80500      8.80561
      8.80610      8.80627      8.80616      8.80492      8.80399      8.80279
      8.80148      8.79964      8.79710      8.79437      8.79197      8.78960
      8.78695      8.79204      8.78979      8.78762      8.78544      8.78387
      8.78145      8.78006      8.77816      8.77531      8.77304      8.77084
      8.76917      8.76734      8.76579      8.76404      8.76204      8.76045
      8.75931      8.75781      8.75628      8.75488      8.75360      8.75251
      8.75126      8.75002      8.74868      8.74673      8.74514      8.74331
      8.74119      8.73864      8.73768      8.73613      8.73482      8.73377
      8.73254      8.73161      8.73043      8.72859      8.72697      8.72563
      8.72461      8.72286      8.72110      8.71950      8.71778      8.71654
      8.71482      8.71379      8.71210      8.71041      8.70854      8.70654
      8.70472      8.70289      8.70112      8.69909      8.69744      8.69554
      8.69370      8.69194      8.69075      8.68888      8.68696      8.68486
      8.68298      8.68082      8.67848      8.67547      8.67342      8.67219
      8.67066      8.66875      8.66691      8.66506      8.66316      8.66150
      8.65982      8.65832      8.65689      8.65555      8.65375      8.65187
      8.65036      8.64879      8.64665      8.64525      8.64316      8.64156
      8.64006      8.63794      8.63601      8.63399      8.63262      8.63053
      8.62879      8.62693      8.62520      8.62402      8.62257      8.62051
      8.61828      8.61619      8.61419      8.61274      8.61099      8.60881
      8.60636      8.60406      8.60233      8.60097      8.59986      8.59827
      8.59659      8.59484      8.59328      8.59175      8.59067      8.58924
      8.58780      8.58544      8.58394      8.58279      8.58163      8.58023
      8.57837      8.57710      8.57568      8.57394      8.57243      8.57104
      8.56926      8.56735      8.56577      8.56392      8.56232      8.56070
      8.55848      8.55620      8.55429      8.55188      8.55048      8.54904
      8.54725      8.54576      8.54429      8.54226      8.54044      8.53819
      8.53655      8.53439      8.53304      8.53127      8.52947      8.52850
      8.52733      8.52618      8.52488      8.52327      8.52163      8.52017
      8.51879      8.51753      8.51599      8.51497      8.51347      8.51212
      8.51006      8.50822      8.50657      8.50447      8.50235      8.50074
      8.49876      8.49713      8.49524      8.49395      8.49220      8.49053
      8.48863      8.48670      8.48487      8.48288      8.48127      8.47983
      8.47860      8.47660      8.47528      8.47365      8.47171      8.47009
      8.46862      8.46750      8.46637      8.46535      8.46393      8.46278
      8.46151      8.45977      8.45781      8.45588      8.45416      8.45271
      8.45100      8.44925      8.44750      8.44576      8.44419      8.44222
      8.44121      8.44002      8.43880      8.43752      8.43617      8.43529
      8.43382      8.43195      8.43041      8.42858      8.42712      8.42509
      8.42327      8.42223      8.42044      8.41848      8.41663      8.41464
      8.41246      8.41041      8.40854      8.40724      8.40622      8.40437
      8.40224      8.40034      8.39830      8.39622      8.39495      8.39350
      8.39237      8.39114      8.38982      8.38840      8.38655      8.38494
      8.38400      8.38265      8.38168      8.38018      8.37911      8.37771
      8.37642      8.37481      8.37329      8.37205      8.37110      8.36985
      8.36794      8.36688      8.36601      8.36493      8.36353      8.36210
      8.36034      8.35810      8.35615      8.35419      8.35298      8.35166
      8.35009      8.34912      8.34733      8.34608      8.34484      8.34278
      8.34134      8.33958      8.33864      8.33745      8.33584      8.33438
      8.33303      8.33172      8.33078      8.32919      8.32807      8.32711
      8.32570      8.32444      8.32349      8.32232      8.32167      8.32043
      8.31961      8.31828      8.31689      8.31527      8.31366      8.31209
      8.31099      8.30954      8.30810      8.30597      8.30470      8.30289
      8.30068      8.29936      8.29768      8.29590      8.29378      8.29257
      8.29154      8.29026      8.28946      8.28812      8.28644      8.28438
      8.28287      8.28108      8.27899      8.27708      8.27502      8.27389
      8.27218      8.27133      8.27019      8.26850      8.26702      8.26491
      8.26337      8.26150      8.26021      8.25821      8.25681      8.25537
      8.25409      8.25299      8.25160      8.24971      8.24762      8.24614
      8.24475      8.24299      8.24211      8.24102      8.23952      8.23826
      8.23671      8.23557      8.23404      8.23226      8.23017      8.22919
      8.22757      8.22580      8.22391      8.22221      8.22086      8.21908
      8.21711      8.21533      8.21366      8.21203      8.21015      8.20876
      8.20704      8.20496      8.20291      8.20110      8.19981      8.19806
      8.19679      8.19545      8.19495      8.19461      8.19393      8.19310
      8.19219      8.19076      8.18902      8.18781      8.18696      8.18618
      8.18489      8.18367      8.18218      8.18132      8.17940      8.17794
      8.17638      8.17459      8.17315      8.17139      8.16977      8.16823
      8.16662      8.16507      8.16324      8.16204      8.16088      8.15930
      8.15784      8.15661      8.15562      8.15421      8.15303      8.15127
      8.14954      8.14876      8.14756      8.14674      8.14538      8.14406
      8.14256      8.14118      8.13905      8.13758      8.13687      8.13480
      8.13330      8.13163      8.13034      8.12897      8.12809      8.12657
      8.12513      8.12343      8.12120      8.11899      8.11716      8.11514
      8.11287      8.11097      8.10966      8.10816      8.10622      8.10434
      8.10209      8.10087      8.09883      8.09749      8.09541      8.09380
      8.09209      8.09037      8.08868      8.08698      8.08568      8.08438
      8.08247      8.08093      8.07946      8.07760      8.07589      8.07393
      8.07267      8.07080      8.06929      8.06835      8.06714      8.06627
      8.06490      8.06362      8.06219      8.05968      8.05741      8.05533
      8.05312      8.05212      8.05022      8.04821      8.04688      8.04554
      8.04342      8.04176      8.04020      8.03885      8.03752      8.03602
      8.03431      8.03268      8.03158      8.03062      8.02954      8.02786
      8.02542      8.02377      8.02195      8.02067      8.01968      8.01795
      8.01658      8.01483      8.01333      8.01150      8.00985      8.00836
      8.00713      8.00573      8.00444      8.00312      8.00206      8.00123
      7.99965      7.99791      7.99636      7.99469      7.99321      7.99146
      7.98971      7.98805      7.98662      7.98499      7.98382      7.98247
      7.98078      7.97931      7.97771      7.97656      7.97479      7.97303
      7.97136      7.96935      7.96778      7.96667      7.96511      7.96366
      7.96257      7.96115      7.95952      7.95813      7.95697      7.95581
      7.95384      7.95208      7.95079      7.94951      7.94774      7.94683
      7.94568      7.94495      7.94356      7.94239      7.94116      7.94016
      7.93894      7.93764      7.93601      7.93478      7.93348      7.93194
      7.93102      7.92955      7.92815      7.92629      7.92506      7.92385
      7.92278      7.92163      7.92038      7.91867      7.91656      7.91465
      7.91251      7.91116      7.90990      7.90859      7.90688      7.90587
      7.90475      7.90332      7.90256      7.90154      7.90027      7.89903
      7.89774      7.89624      7.89504      7.89448      7.89316      7.89159
      7.88993      7.88805      7.88627      7.88466      7.88324      7.88194
      7.88033      7.87898      7.87822      7.87701      7.87551      7.87428
      7.87295      7.87182      7.87063      7.86898      7.86744      7.86614
      7.86464      7.86357      7.86258      7.86127      7.85975      7.85835
      7.85721      7.85650      7.85547      7.85416      7.85348      7.85226
      7.85088      7.84961      7.84838      7.84686      7.84526      7.84421
      7.84281      7.84179      7.83984      7.83812      7.83690      7.83543
      7.83427      7.83339      7.83246      7.83163      7.83055      7.82919
      7.82744      7.82612      7.82511      7.82411      7.82291      7.82220
      7.82099      7.81976      7.81850      7.81683      7.81542      7.81356
      7.81188      7.81066      7.80907      7.80813      7.80713      7.80576
      7.80462      7.80317      7.80204      7.80117      7.80002      7.79908
      7.79803      7.79686      7.79586      7.79497      7.79361      7.79204
      7.79076      7.78946      7.78773      7.78633      7.78525      7.78331
      7.78219      7.78127      7.77999      7.77829      7.77674      7.77537
      7.77391      7.77289      7.77151      7.77050      7.76950      7.76835
      7.76724      7.76622      7.76514      7.76421      7.76315      7.76219
      7.76120      7.75989      7.75868      7.75781      7.75688      7.75592
      7.75477      7.75364      7.75288      7.75142      7.75003      7.74851
      7.74694      7.74586      7.74504      7.74411      7.74309      7.74177
      7.74066      7.73960      7.73814      7.73677      7.73598      7.73506
      7.73390      7.73281      7.73192      7.73103      7.73001      7.72852
      7.72730      7.72623      7.72506      7.72407      7.72238      7.72082
      7.71867      7.71765      7.71663      7.71546      7.71422      7.71285
      7.71182      7.71043      7.70861      7.70745      7.70681      7.70634
      7.70570      7.70467      7.70386      7.70274      7.70128      7.69981
      7.69848      7.69788      7.69717      7.69597      7.69440      7.69303
      7.69167      7.69094      7.69008      7.68886      7.68761      7.68614
      7.68468      7.68281      7.68149      7.68037      7.67908      7.67830
      7.67726      7.67603      7.67471      7.67344      7.67252      7.67138
      7.66978      7.66827      7.66703      7.66557      7.66437      7.66322
      7.66218      7.66108      7.66015      7.65924      7.65829      7.65747
      7.65664      7.65538      7.65418      7.65329      7.65196      7.65061
      7.64992      7.64934      7.64801      7.64661      7.64582      7.64429
      7.64328      7.64246      7.64160      7.64030      7.63911      7.63789
      7.63672      7.63573      7.63415      7.63328      7.63219      7.63114
      7.63000      7.62933      7.62895      7.62821      7.62743      7.62647
      7.62607      7.62528      7.62448      7.62313      7.62197      7.62086
      7.61919      7.61780      7.61668      7.61616      7.61528      7.61439
      7.61354      7.61264      7.61177      7.61062      7.60911      7.60746
      7.60631      7.60540      7.60375      7.60226      7.60113      7.60003
      7.59898      7.59769      7.59637      7.59497      7.59433      7.59310
      7.59192      7.59069      7.58990      7.58900      7.58773      7.58653
      7.58481      7.58392      7.58307      7.58155      7.58036      7.57934
      7.57825      7.57694      7.57570      7.57439      7.57244      7.57095
      7.56995      7.56862      7.56701      7.56557      7.56432      7.56294
      7.56152      7.56014      7.55934      7.55877      7.55782      7.55683
      7.55551      7.55433      7.55347      7.55248      7.55144      7.55046
      7.54994      7.54906      7.54824      7.54677      7.54595      7.54551
      7.54441      7.54344      7.54228      7.54127      7.54049      7.53934
      7.53806      7.53695      7.53611      7.53523      7.53424      7.53286
      7.53176      7.53084      7.53059      7.52951      7.52815      7.52715
      7.52627      7.52425      7.52234      7.52100      7.51928      7.51795
      7.51647      7.51551      7.51454      7.51279      7.51180      7.51135
      7.51077      7.50952      7.50844      7.50757      7.50675      7.50608
      7.50543      7.50474      7.50339      7.50243      7.50226      7.50179
      7.50049      7.49874      7.49722      7.49633      7.49569      7.49449
      7.49323      7.49251      7.49170      7.49051      7.48943      7.48838
      7.48712      7.48613      7.48529      7.48469      7.48425      7.48329
      7.48211      7.48124      7.48035      7.47932      7.47788      7.47620
      7.47513      7.47410      7.47308      7.47199      7.47156      7.47096
      7.47048      7.46976      7.46864      7.46767      7.46678      7.46589
      7.46484      7.46387      7.46344      7.46305      7.46240      7.46181
      7.46123      7.46015      7.45909      7.45818      7.45757      7.45694
      7.45635      7.45532      7.45428      7.45295      7.45208      7.45137
      7.44992      7.44850      7.44746      7.44627      7.44460      7.44314
      7.44231      7.44123      7.44009      7.43917      7.43837      7.43696
      7.43566      7.43428      7.43386      7.43285      7.43227      7.43107
      7.42992      7.42883      7.42788      7.42714      7.42618      7.42498
      7.42384      7.42222      7.42099      7.41966      7.41811      7.41686
      7.41525      7.41404      7.41292      7.41186      7.41081      7.40989
      7.40929      7.40849      7.40750      7.40629      7.40483      7.40319
      7.40190      7.40063      7.39925      7.39842      7.39765      7.39660
      7.39549      7.39422      7.39315      7.39194      7.39090      7.39022
      7.38924      7.38854      7.38774      7.38670      7.38602      7.38515
      7.38350      7.38220      7.38146      7.38061      7.37948      7.37805
      7.37709      7.37656      7.37554      7.37472      7.37382      7.37300
      7.37218      7.37156      7.37070      7.36995      7.36929      7.36856
      7.36773      7.36685      7.36603      7.36530      7.36455      7.36379
      7.36327      7.36288      7.36204      7.36102      7.36002      7.35903
      7.35799      7.35699      7.35610      7.35524      7.35436      7.35355
      7.35294      7.35220      7.35177      7.35119      7.35015      7.34983
      7.34898      7.34799      7.34754      7.34709      7.34657      7.34556
      7.34430      7.34327      7.34202      7.34091      7.33999      7.33913
      7.33823      7.33727      7.33617      7.33503      7.33411      7.33330
      7.33263      7.33170      7.33027      7.32894      7.32794      7.32700
      7.32581      7.32463      7.32362      7.32212      7.32076      7.31929
      7.31800      7.31647      7.31503      7.31381      7.31219      7.31112
      7.31002      7.30911      7.30823      7.30705      7.30609      7.30499
      7.30387      7.30245      7.30121      7.30027      7.29887      7.29839
      7.29698      7.29639      7.29559      7.29497      7.29402      7.29282
      7.29209      7.29165      7.29125      7.29064      7.28949      7.28836
      7.28735      7.28681      7.28659      7.28613      7.28518      7.28422
      7.28295      7.28212      7.28111      7.28003      7.27909      7.27821
      7.27718      7.27656      7.27577      7.27489      7.27409      7.27318
      7.27235      7.27120      7.27021      7.26901      7.26820      7.26782
      7.26735      7.26680      7.26626      7.26547      7.26443      7.26381
      7.26325      7.26244      7.26182      7.26131      7.26041      7.25914
      7.25797      7.25704      7.25616      7.25539      7.25481      7.25422
      7.25370      7.25294      7.25224      7.25152      7.25081      7.25007
      7.24918      7.24826      7.24750      7.24626      7.24554      7.24446
      7.24326      7.24246      7.24201      7.24078      7.23957      7.23866
      7.23794      7.23696      7.23595      7.23515      7.23490      7.23455
      7.23420      7.23368      7.23290      7.23204      7.23121      7.22999
      7.22882      7.22761      7.22661      7.22567      7.22485      7.22389
      7.22305      7.22237      7.22190      7.22093      7.22020      7.21943
      7.21838      7.21725      7.21610      7.21508      7.21451      7.21376
      7.21279      7.21187      7.21074      7.20952      7.20850      7.20739
      7.20668      7.20600      7.20469      7.20378      7.20273      7.20140
      7.19995      7.19883      7.19797      7.19667      7.19571      7.19444
      7.19350      7.19265      7.19188      7.19102      7.19054      7.19028
      7.18975      7.18931      7.18865      7.18783      7.18630      7.18494
      7.18409      7.18327      7.18194      7.18122      7.18052      7.17985
      7.17902      7.17831      7.17767      7.17708      7.17644      7.17597
      7.17523      7.17452      7.17364      7.17227      7.17162      7.17047
      7.16941      7.16848      7.16747      7.16705      7.16649      7.16558
      7.16430      7.16314      7.16214      7.16133      7.16057      7.16001
      7.15900      7.15772      7.15638      7.15531      7.15466      7.15403
      7.15386      7.15326      7.15267      7.15214      7.15147      7.15054
      7.14940      7.14799      7.14672      7.14578      7.14477      7.14416
      7.14351      7.14277      7.14214      7.14127      7.14017      7.13892
      7.13774      7.13657      7.13569      7.13479      7.13409      7.13333
      7.13305      7.13251      7.13186      7.13112      7.13031      7.12958
      7.12850      7.12758      7.12697      7.12632      7.12580      7.12514
      7.12457      7.12389      7.12341      7.12261      7.12166      7.12069
      7.12028      7.11986      7.11890      7.11839      7.11793      7.11716
      7.11618      7.11545      7.11474      7.11398      7.11322      7.11245
      7.11178      7.11138      7.11039      7.10945      7.10860      7.10760
      7.10701      7.10554      7.10460      7.10335      7.10237      7.10173
      7.10121      7.10083      7.10049      7.10016      7.09903      7.09798
      7.09697      7.09601      7.09542      7.09423      7.09352      7.09279
      7.09194      7.09120      7.09051      7.08953      7.08842      7.08708
      7.08582      7.08522      7.08465      7.08424      7.08386      7.08321
      7.08289      7.08242      7.08177      7.08131      7.08085      7.08034
      7.07955      7.07894      7.07823      7.07770      7.07707      7.07636
      7.07582      7.07491      7.07420      7.07402      7.07352      7.07233
      7.07123      7.06998      7.06891      7.06723      7.06641      7.06545
      7.06463      7.06412      7.06339      7.06266      7.06207      7.06133
      7.06039      7.05985      7.05889      7.05825      7.05769      7.05719
      7.05684      7.05638      7.05611      7.05557      7.05458      7.05350
      7.05270      7.05194      7.05134      7.05055      7.04968      7.04879
      7.04818      7.04756      7.04690      7.04623      7.04589      7.04564
      7.04532      7.04491      7.04446      7.04396      7.04341      7.04271
      7.04196      7.04112      7.03978      7.03868      7.03762      7.03603
      7.03479      7.03350      7.03260      7.03172      7.03125      7.03049
      7.02945      7.02858      7.02769      7.02687      7.02594      7.02471
      7.02380      7.02312      7.02274      7.02226      7.02155      7.02122
      7.02048      7.01947      7.01869      7.01794      7.01731      7.01653
      7.01572      7.01476      7.01415      7.01334      7.01257      7.01165
      7.01105      7.01033      7.00941      7.00893      7.00862      7.00841
      7.00806      7.00732      7.00630      7.00522      7.00428      7.00330
      7.00231      7.00132      7.00053      7.00006      6.99969      6.99937
      6.99907      6.99862      6.99820      6.99765      6.99695      6.99615
      6.99546      6.99509      6.99450      6.99402      6.99330      6.99230
      6.99148      6.99058      6.98983      6.98909      6.98847      6.98791
      6.98751      6.98711      6.98670      6.98582      6.98493      6.98419
      6.98347      6.98271      6.98228      6.98181      6.98146      6.98071
      6.97987      6.97877      6.97787      6.97682      6.97575      6.97501
      6.97429      6.97335      6.97265      6.97160      6.97083      6.97007
      6.96933      6.96856      6.96808      6.96765      6.96733      6.96700
      6.96660      6.96661      6.96629      6.96567      6.96492      6.96384
      6.96309      6.96257      6.96173      6.96121      6.96061      6.95990
      6.95947      6.95902      6.95850      6.95815      6.95732      6.95617
      6.95518      6.95439      6.95389      6.95312      6.95235      6.95150
      6.95097      6.95038      6.94951      6.94872      6.94796      6.94748
      6.94685      6.94600      6.94521      6.94414      6.94263      6.94146
      6.94079      6.94013      6.93922      6.93772      6.93672      6.93582
      6.93525      6.93450      6.93385      6.93346      6.93284      6.93229
      6.93192      6.93162      6.93139      6.93103      6.93039      6.92986
      6.92932      6.92882      6.92830      6.92783      6.92753      6.92665
      6.92556      6.92467      6.92379      6.92316      6.92253      6.92188
      6.92123      6.92066      6.91972      6.91917      6.91842      6.91775
      6.91714      6.91671      6.91641      6.91581      6.91490      6.91374
      6.91250      6.91162      6.91097      6.91032      6.90965      6.90908
      6.90862      6.90818      6.90790      6.90743      6.90723      6.90653
      6.90568      6.90478      6.90392      6.90308      6.90248      6.90191
      6.90129      6.90069      6.89997      6.89907      6.89820      6.89718
      6.89603      6.89518      6.89450      6.89404      6.89370      6.89339
      6.89283      6.89213      6.89143      6.89039      6.88970      6.88923
      6.88899      6.88895      6.88870      6.88864      6.88844      6.88812
      6.88774      6.88743      6.88715      6.88650      6.88605      6.88537
      6.88494      6.88408      6.88318      6.88240      6.88137      6.88025
      6.87919      6.87834      6.87776      6.87725      6.87691      6.87591
      6.87525      6.87456      6.87391      6.87372      6.87371      6.87362
      6.87344      6.87316      6.87265      6.87212      6.87140      6.87076
      6.87023      6.86962      6.86888      6.86812      6.86772      6.86728
      6.86681      6.86646      6.86616      6.86567      6.86527      6.86467
      6.86451      6.86407      6.86420      6.86405      6.86365      6.86318
      6.86253      6.86192      6.86157      6.86098      6.86045      6.86001
      6.85947      6.85893      6.85832      6.85777      6.85692      6.85629
      6.85536      6.85441      6.85324      6.85228      6.85163      6.85099
      6.85049      6.84995      6.84950      6.84908      6.84867      6.84786
      6.84684      6.84579      6.84501      6.84429      6.84382      6.84321
      6.84259      6.84218      6.84157      6.84081      6.84023      6.83971
      6.83916      6.83883      6.83839      6.83800      6.83761      6.83735
      6.83688      6.83620      6.83537      6.83456      6.83372      6.83291
      6.83243      6.83198      6.83133      6.83058      6.83011      6.82970
      6.82907      6.82837      6.82778      6.82711      6.82673      6.82631
      6.82628      6.82634      6.82617      6.82572      6.82533      6.82496
      6.82427      6.82353      6.82274      6.82196      6.82156      6.82104
      6.82079      6.82046      6.82006      6.81947      6.81910      6.81845
      6.81767      6.81697      6.81622      6.81565      6.81532      6.81505
      6.81487      6.81450      6.81448      6.81452      6.81429      6.81369
      6.81302      6.81221      6.81187      6.81132      6.81064      6.81027
      6.80978      6.80940      6.80872      6.80825      6.80771      6.80727
      6.80707      6.80632      6.80570      6.80513      6.80424      6.80346
      6.80246      6.80170      6.80106      6.80072      6.80016      6.79954
      6.79899      6.79819      6.79726      6.79630      6.79520      6.79432
      6.79369      6.79300      6.79283      6.79260      6.79246      6.79242
      6.79245      6.79223      6.79190      6.79110      6.79028      6.78933
      6.78854      6.78771      6.78704      6.78654      6.78628      6.78573
      6.78547      6.78511      6.78451      6.78386      6.78330      6.78279
      6.78239      6.78181      6.78116      6.78057      6.78012      6.77979
      6.77937      6.77888      6.77818      6.77755      6.77705      6.77645
      6.77589      6.77531      6.77457      6.77385      6.77347      6.77277
      6.77194      6.77111      6.77036      6.76985      6.76957      6.76930
      6.76912      6.76887      6.76834      6.76782      6.76765      6.76723
      6.76675      6.76606      6.76538      6.76473      6.76391      6.76347
      6.76271      6.76216      6.76194      6.76144      6.76078      6.76003
      6.75937      6.75855      6.75782      6.75725      6.75671      6.75643
      6.75569      6.75504      6.75460      6.75410      6.75318      6.75203
      6.75112      6.74994      6.74873      6.74763      6.74704      6.74666
      6.74599      6.74575      6.74545      6.74515      6.74477      6.74412
      6.74320      6.74256      6.74185      6.74131      6.74084      6.74041
      6.74019      6.73993      6.73951      6.73889      6.73831      6.73804
      6.73764      6.73726      6.73700      6.73677      6.73622      6.73557
      6.73499      6.73449      6.73354      6.73246      6.73170      6.73109
      6.73068      6.72994      6.72904      6.72852      6.72808      6.72770
      6.72712      6.72643      6.72573      6.72524      6.72462      6.72389
      6.72322      6.72285      6.72231      6.72202      6.72150      6.72092
      6.72039      6.71964      6.71920      6.71898      6.71867      6.71823
      6.71749      6.71702      0.00000      0.00000      0.00000      0.00000
      0.00000      0.00000      0.00000      0.00000      0.00000      0.00000
      0.00000      0.00000      0.00000      0.00000      0.00000      0.00000
      0.00000      0.00000      0.00000      0.00000      0.00000      0.00000
      0.00000      0.00000      0.00000      0.00000      0.00000      0.00000
      0.00000      0.00000      0.00000      0.00000      0.00000      0.00000
      0.00000      0.00000      0.00000      0.00000      0.00000      0.00000
      0.00000      0.00000      0.00000      0.00000      0.00000      0.00000
      0.00000      0.00000      0.00000      0.00000      0.00000      0.00000
      0.00000      0.00000      0.00000      0.00000      0.00000      0.00000
      0.00000      0.00000      0.00000      0.00000      0.00000      0.00000
      0.00000      0.00000      0.00000      0.00000      0.00000      0.00000
      0.00000      0.00000      0.00000      0.00000      0.00000      0.00000
      0.00000      0.00000      0.00000      0.00000      0.00000      0.00000
      0.00000      0.00000      0.00000      0.00000      0.00000      0.00000
      0.00000      0.00000      0.00000      0.00000      0.00000      0.00000
      0.00000      0.00000      0.00000      0.00000      0.00000      0.00000
      0.00000      0.00000      0.00000      0.00000      0.00000      0.00000
      0.00000      0.00000      0.00000      0.00000      0.00000      0.00000
      0.00000      0.00000      0.00000      0.00000      0.00000      0.00000
      0.00000      0.00000      0.00000      0.00000      0.00000      0.00000
      0.00000      0.00000      0.00000      0.00000      0.00000      0.00000
      0.00000      0.00000      0.00000      0.00000      0.00000      0.00000
      0.00000      0.00000      0.00000      0.00000      0.00000      0.00000
      0.00000      0.00000      0.00000      0.00000      0.00000      0.00000
      0.00000      0.00000      0.00000      0.00000      0.00000      0.00000
      0.00000      0.00000      0.00000      0.00000      0.00000      0.00000
      0.00000      0.00000      0.00000      0.00000      0.00000      0.00000
      0.00000      0.00000      0.00000      0.00000      0.00000      0.00000
      0.00000      0.00000      0.00000      0.00000      0.00000      0.00000
      0.00000      0.00000      0.00000      0.00000      0.00000      0.00000
      0.00000      0.00000      0.00000      0.00000      0.00000      0.00000
      0.00000      0.00000      0.00000      0.00000      0.00000      0.00000
      0.00000      0.00000      0.00000      0.00000      0.00000      0.00000
      0.00000      0.00000      0.00000      0.00000      0.00000      0.00000
      0.00000      0.00000      0.00000      0.00000      0.00000      0.00000
      0.00000      0.00000      0.00000      0.00000      0.00000      0.00000
      0.00000      0.00000      0.00000      0.00000      0.00000      0.00000
      0.00000      0.00000      0.00000      0.00000      0.00000      0.00000
      0.00000      0.00000      0.00000      0.00000      0.00000      0.00000
      0.00000      0.00000      0.00000      0.00000      0.00000      0.00000
      0.00000      0.00000      0.00000      0.00000      0.00000      0.00000
      0.00000      0.00000      0.00000      0.00000      0.00000      0.00000
      0.00000      0.00000      0.00000      0.00000      0.00000      0.00000
      0.00000      0.00000      0.00000      0.00000      0.00000      0.00000
      0.00000      0.00000      0.00000      0.00000      0.00000      0.00000
      0.00000      0.00000      0.00000      0.00000      0.00000      0.00000
      0.00000      0.00000      0.00000      0.00000      0.00000      0.00000
      0.00000      0.00000      0.00000      0.00000      0.00000      0.00000
      0.00000      0.00000      0.00000      0.00000      0.00000      0.00000
      0.00000      0.00000      0.00000      0.00000      0.00000      0.00000
      0.00000      0.00000      0.00000      0.00000      0.00000      0.00000
      0.00000      0.00000      0.00000      0.00000      0.00000      0.00000
      0.00000      0.00000      0.00000      0.00000      0.00000      0.00000
      0.00000      0.00000      0.00000      0.00000      0.00000      0.00000
      0.00000      0.00000      0.00000      0.00000      0.00000      0.00000
      0.00000      0.00000      0.00000      0.00000      0.00000      0.00000
      0.00000      0.00000      0.00000      0.00000      0.00000      0.00000
      0.00000      0.00000      0.00000      0.00000      0.00000      0.00000
      0.00000      0.00000      0.00000      0.00000      0.00000      0.00000
      0.00000      0.00000      0.00000      0.00000      0.00000      0.00000
      0.00000      0.00000      0.00000      0.00000      0.00000      0.00000
      0.00000      0.00000      0.00000      0.00000      0.00000      0.00000
      0.00000      0.00000      0.00000      0.00000      0.00000      0.00000
      0.00000      0.00000      0.00000      0.00000      0.00000      0.00000
      0.00000      0.00000      0.00000      0.00000      0.00000      0.00000
      0.00000      0.00000      0.00000      0.00000      0.00000      0.00000
      0.00000      0.00000      0.00000      0.00000      0.00000      0.00000
      0.00000      0.00000      0.00000      0.00000      0.00000      0.00000
      0.00000      0.00000      0.00000      0.00000      0.00000      0.00000
      0.00000      0.00000      0.00000      0.00000      0.00000      0.00000
      0.00000      0.00000      0.00000      0.00000      0.00000      0.00000
      0.00000      0.00000      0.00000      0.00000      0.00000      0.00000
      0.00000      0.00000      0.00000      0.00000      0.00000      0.00000
      0.00000      0.00000      0.00000      0.00000      0.00000      0.00000
      0.00000      0.00000      0.00000      0.00000      0.00000      0.00000
      0.00000      0.00000      0.00000      0.00000      0.00000      0.00000
      0.00000      0.00000      0.00000      0.00000      0.00000      0.00000
      0.00000      0.00000      0.00000      0.00000      0.00000      0.00000
      0.00000      0.00000      0.00000      0.00000      0.00000      0.00000
      0.00000      0.00000      0.00000      0.00000      0.00000      0.00000
      0.00000      0.00000      0.00000      0.00000      0.00000      0.00000
      0.00000      0.00000      0.00000      0.00000      0.00000      0.00000
      0.00000      0.00000      0.00000      0.00000      0.00000      0.00000
      0.00000      0.00000      0.00000      0.00000      0.00000      0.00000
      0.00000      0.00000      0.00000      0.00000      0.00000      0.00000
      0.00000      0.00000      0.00000      0.00000      0.00000      0.00000
      0.00000      0.00000      0.00000      0.00000      0.00000      0.00000
      0.00000      0.00000      0.00000      0.00000      0.00000      0.00000
      0.00000      0.00000      0.00000      0.00000      0.00000      0.00000
      0.00000      0.00000      0.00000      0.00000      0.00000      0.00000
      0.00000      0.00000      0.00000      0.00000      0.00000      0.00000
      0.00000      0.00000      0.00000      0.00000      0.00000      0.00000
      0.00000      0.00000      0.00000      0.00000      0.00000      0.00000
      0.00000      0.00000      0.00000      0.00000      0.00000      0.00000
      0.00000      0.00000      0.00000      0.00000      0.00000      0.00000
      0.00000      0.00000      0.00000      0.00000      0.00000      0.00000
      0.00000      0.00000      0.00000      0.00000      0.00000      0.00000
      0.00000      0.00000      0.00000      0.00000      0.00000      0.00000
      0.00000      0.00000      0.00000      0.00000      0.00000      0.00000
      0.00000      0.00000      0.00000      0.00000      0.00000      0.00000
      0.00000      0.00000      0.00000      0.00000      0.00000      0.00000
      0.00000      0.00000      0.00000      0.00000      0.00000      0.00000
      0.00000      0.00000      0.00000      0.00000      0.00000      0.00000
      0.00000      0.00000      0.00000      0.00000      0.00000      0.00000
      0.00000      0.00000      0.00000      0.00000      0.00000      0.00000
      0.00000      0.00000      0.00000      0.00000      0.00000      0.00000
      0.00000      0.00000      0.00000      0.00000      0.00000      0.00000
      0.00000      0.00000      0.00000      0.00000      0.00000      0.00000
      0.00000      0.00000      0.00000      0.00000      0.00000      0.00000
      0.00000      0.00000      0.00000      0.00000      0.00000      0.00000
      0.00000      0.00000      0.00000      0.00000      0.00000      0.00000
      0.00000      0.00000      0.00000      0.00000      0.00000      0.00000
      0.00000      0.00000      0.00000      0.00000      0.00000      0.00000
      0.00000      0.00000      0.00000      0.00000      0.00000      0.00000
      0.00000      0.00000      0.00000      0.00000      0.00000      0.00000
      0.00000      0.00000      0.00000      0.00000      0.00000      0.00000
      0.00000      0.00000      0.00000      0.00000      0.00000      0.00000
      0.00000      0.00000      0.00000      0.00000      0.00000      0.00000
      0.00000      0.00000      0.00000      0.00000      0.00000      0.00000
      0.00000      0.00000      0.00000      0.00000      0.00000      0.00000
      0.00000      0.00000      0.00000      0.00000      0.00000      0.00000
      0.00000      0.00000      0.00000      0.00000      0.00000      0.00000
      0.00000      0.00000      0.00000      0.00000      0.00000      0.00000
      0.00000      0.00000      0.00000      0.00000      0.00000      0.00000
      0.00000      0.00000      0.00000      0.00000      0.00000      0.00000
      0.00000      0.00000      0.00000      0.00000      0.00000      0.00000
      0.00000      0.00000      0.00000      0.00000      0.00000      0.00000
      0.00000      0.00000      0.00000      0.00000      0.00000      0.00000
      0.00000      0.00000      0.00000      0.00000      0.00000      0.00000
      0.00000      0.00000      0.00000      0.00000      0.00000      0.00000
      0.00000      0.00000      0.00000      0.00000      0.00000      0.00000
      0.00000      0.00000      0.00000      0.00000      0.00000      0.00000
      0.00000      0.00000      0.00000      0.00000      0.00000      0.00000
      0.00000      0.00000      0.00000      0.00000      0.00000      0.00000
      0.00000      0.00000      0.00000      0.00000      0.00000      0.00000
      0.00000      0.00000      0.00000      0.00000      0.00000      0.00000
      0.00000      0.00000      0.00000      0.00000      0.00000      0.00000
      0.00000      0.00000      0.00000      0.00000      0.00000      0.00000
      0.00000      0.00000      0.00000      0.00000      0.00000      0.00000
      0.00000      0.00000      0.00000      0.00000      0.00000      0.00000
      0.00000      0.00000      0.00000      0.00000      0.00000      0.00000
      0.00000      0.00000      0.00000      0.00000      0.00000      0.00000
      0.00000      0.00000      0.00000      0.00000      0.00000      0.00000
      0.00000      0.00000      0.00000      0.00000      0.00000      0.00000
      0.00000      0.00000      0.00000      0.00000      0.00000      0.00000
      0.00000      0.00000      0.00000      0.00000      0.00000      0.00000
      0.00000      0.00000      0.00000      0.00000      0.00000      0.00000
      0.00000      0.00000      0.00000      0.00000      0.00000      0.00000
      0.00000      0.00000      0.00000      0.00000      0.00000      0.00000
      0.00000      0.00000      0.00000      0.00000      0.00000      0.00000
      0.00000      0.00000      0.00000      0.00000      0.00000      0.00000
      0.00000      0.00000      0.00000      0.00000      0.00000      0.00000
      0.00000      0.00000      0.00000      0.00000      0.00000      0.00000
      0.00000      0.00000      0.00000      0.00000      0.00000      0.00000
      0.00000      0.00000      0.00000      0.00000      0.00000      0.00000
      0.00000      0.00000      0.00000      0.00000      0.00000      0.00000
      0.00000      0.00000      0.00000      0.00000      0.00000      0.00000
      0.00000      0.00000      0.00000      0.00000      0.00000      0.00000
      0.00000      0.00000      0.00000      0.00000      0.00000      0.00000
      0.00000      0.00000      0.00000      0.00000      0.00000      0.00000
      0.00000      0.00000      0.00000      0.00000      0.00000      0.00000
      0.00000      0.00000      0.00000      0.00000      0.00000      0.00000
      0.00000      0.00000      0.00000      0.00000      0.00000      0.00000
      0.00000      0.00000      0.00000      0.00000      0.00000      0.00000
      0.00000      0.00000      0.00000      0.00000      0.00000      0.00000
      0.00000      0.00000      0.00000      0.00000      0.00000      0.00000
