    2000
      12.1955      12.1673      12.1440      12.1199      12.0931      12.0748
      12.0632      12.0512      12.0322      12.0222      12.0043      11.9912
      11.9762      11.9610      11.9490      11.9373      11.9236      11.9076
      11.8973      11.8874      11.8810      11.8745      11.8720      11.8626
      11.8592      11.8575      11.8521      11.8522      11.8511      11.8518
      11.8423      11.8418      11.8441      11.8408      11.8384      11.8327
      11.8320      11.8350      11.8421      11.8427      11.8469      11.8462
      11.8438      11.8428      11.8377      11.8387      11.8374      11.8309
      11.8268      11.8267      11.8267      11.8259      11.8206      11.8205
      11.8196      11.8185      11.8149      11.8132      11.8164      11.8165
      11.8080      11.8047      11.8062      11.8028      11.8004      11.7968
      11.7957      11.7936      11.7906      11.7921      11.7924      11.7895
      11.7850      11.7808      11.7818      11.7806      11.7758      11.7724
      11.7671      11.7679      11.7713      11.7730      11.7715      11.7735
      11.7772      11.7791      11.7806      11.7797      11.7755      11.7747
      11.7701      11.7715      11.7666      11.7694      11.7736      11.7704
      11.7633      11.7650      11.7663      11.7631      11.7635      11.7609
      11.7615      11.7633      11.7662      11.7688      11.7707      11.7726
      11.7737      11.7718      11.7720      11.7727      11.7736      11.7762
      11.7769      11.7783      11.7801      11.7810      11.7849      11.7822
      11.7824      11.7800      11.7770      11.7747      11.7755      11.7751
      11.7723      11.7720      11.7723      11.7761      11.7749      11.7733
      11.7743      11.7752      11.7726      11.7706      11.7647      11.7674
      11.7662      11.7604      11.7508      11.7450      11.7400      11.7383
      11.7403      11.7411      11.7389      11.7414      11.7387      11.7337
      11.7354      11.7403      11.7417      11.7445      11.7431      11.7421
      11.7389      11.7404      11.7410      11.7414      11.7403      11.7429
      11.7421      11.7426      11.7426      11.7418      11.7393      11.7328
      11.7333      11.7357      11.7368      11.7347      11.7281      11.7283
      11.7229      11.7260      11.7311      11.7293      11.7255      11.7235
      11.7216      11.7229      11.7217      11.7238      11.7257      11.7265
      11.7269      11.7288      11.7298      11.7267      11.7346      11.7341
      11.7378      11.7342      11.7376      11.7348      11.7339      11.7344
      11.7333      11.7316      11.7304      11.7349      11.7313      11.7260
      11.7222      11.7204      11.7171      11.7069      11.7041      11.7022
      11.7030      11.7028      11.6962      11.6942      11.6912      11.6916
      11.6862      11.6792      11.6783      11.6761      11.6746      11.6750
      11.6757      11.6770      11.6720      11.6748      11.6745      11.6766
      11.6772      11.6755      11.6708      11.6737      11.6763      11.6729
      11.6702      11.6695      11.6715      11.6731      11.6751      11.6714
      11.6690      11.6678      11.6654      11.6628      11.6652      11.6642
      11.6635      11.6634      11.6594      11.6634      11.6646      11.6618
      11.6632      11.6633      11.6664      11.6605      11.6627      11.6595
      11.6517      11.6494      11.6456      11.6512      11.6539      11.6476
      11.6477      11.6515      11.6535      11.6565      11.6542      11.6568
      11.6589      11.6611      11.6635      11.6691      11.6676      11.6645
      11.6608      11.6588      11.6563      11.6544      11.6536      11.6519
      11.6494      11.6501      11.6458      11.6450      11.6436      11.6381
      11.6425      11.6420      11.6417      11.6397      11.6377      11.6372
      11.6320      11.6317      11.6285      11.6274      11.6232      11.6202
      11.6118      11.6085      11.6096      11.6073      11.6023      11.6027
      11.6025      11.6027      11.6036      11.6016      11.5990      11.5982
      11.6012      11.6020      11.6032      11.6036      11.6021      11.5994
      11.5952      11.5889      11.5926      11.5905      11.5916      11.5929
      11.5936      11.5900      11.5901      11.5865      11.5839      11.5787
      11.5754      11.5724      11.5703      11.5718      11.5731      11.5770
      11.5796      11.5798      11.5713      11.5638      11.5629      11.5695
      11.5692      11.5689      11.5691      11.5648      11.5657      11.5631
      11.5644      11.5652      11.5665      11.5655      11.5662      11.5639
      11.5616      11.5587      11.5544      11.5486      11.5518      11.5508
      11.5490      11.5474      11.5506      11.5544      11.5581      11.5563
      11.5547      11.5473      11.5398      11.5368      11.5404      11.5397
      11.5440      11.5451      11.5457      11.5437      11.5348      11.5333
      11.5315      11.5329      11.5359      11.5310      11.5298      11.5260
      11.5258      11.5224      11.5205      11.5186      11.5136      11.5100
      11.5046      11.5034      11.4962      11.4940      11.4951      11.4969
      11.4977      11.4874      11.4791      11.4712      11.4672      11.4655
      11.4652      11.4603      11.4632      11.4648      11.4645      11.4636
      11.4611      11.4532      11.4487      11.4435      11.4382      11.4388
      11.4376      11.4336      11.4328      11.4285      11.4260      11.4186
      11.4147      11.4108      11.4107      11.4101      11.4077      11.4054
      11.4051      11.4077      11.4065      11.4050      11.4061      11.4005
      11.3981      11.4024      11.4049      11.4039      11.4036      11.4023
      11.4034      11.4047      11.4076      11.4135      11.4173      11.4195
      11.4210      11.4263      11.4246      11.4252      11.4253      11.4315
      11.4309      11.4282      11.4258      11.4260      11.4302      11.4354
      11.4382      11.4414      11.4361      11.4386      11.4382      11.4413
      11.4435      11.4394      11.4380      11.4387      11.4433      11.4426
      11.4367      11.4383      11.4356      11.4317      11.4352      11.4373
      11.4346      11.4360      11.4413      11.4421      11.4426      11.4442
      11.4464      11.4477      11.4484      11.4498      11.4521      11.4517
      11.4557      11.4573      11.4600      11.4628      11.4670      11.4688
      11.4716      11.4710      11.4693      11.4693      11.4701      11.4714
      11.4779      11.4740      11.4730      11.4800      11.4806      11.4802
      11.4842      11.4871      11.4904      11.4937      11.4978      11.4960
      11.4963      11.4979      11.4957      11.4988      11.5005      11.4997
      11.5011      11.4985      11.4969      11.5025      11.5053      11.5089
      11.5104      11.5136      11.5129      11.5120      11.5127      11.5157
      11.5174      11.5112      11.5136      11.5157      11.5180      11.5168
      11.5180      11.5181      11.5136      11.5107      11.5126      11.5155
      11.5221      11.5242      11.5232      11.5193      11.5190      11.5223
      11.5227      11.5233      11.5236      11.5176      11.5188      11.5226
      11.5195      11.5177      11.5186      11.5195      11.5189      11.5227
      11.5215      11.5241      11.5195      11.5188      11.5204      11.5241
      11.5276      11.5296      11.5295      11.5248      11.5247      11.5213
      11.5242      11.5263      11.5243      11.5283      11.5317      11.5323
      11.5351      11.5383      11.5405      11.5390      11.5449      11.5470
      11.5457      11.5487      11.5518      11.5534      11.5554      11.5569
      11.5591      11.5607      11.5557      11.5503      11.5486      11.5499
      11.5513      11.5515      11.5558      11.5596      11.5603      11.5547
      11.5579      11.5570      11.5569      11.5574      11.5606      11.5560
      11.5602      11.5611      11.5614      11.5561      11.5560      11.5546
      11.5569      11.5558      11.5571      11.5576      11.5565      11.5530
      11.5514      11.5475      11.5475      11.5418      11.5429      11.5399
      11.5377      11.5378      11.5361      11.5369      11.5425      11.5428
      11.5394      11.5368      11.5369      11.5370      11.5383      11.5361
      11.5317      11.5313      11.5302      11.5325      11.5337      11.5361
      11.5394      11.5417      11.5438      11.5433      11.5391      11.5379
      11.5391      11.5389      11.5422      11.5396      11.5370      11.5383
      11.5403      11.5456      11.5458      11.5472      11.5500      11.5494
      11.5493      11.5476      11.5459      11.5453      11.5462      11.5433
      11.5423      11.5393      11.5377      11.5388      11.5391      11.5397
      11.5371      11.5378      11.5420      11.5433      11.5370      11.5327
      11.5280      11.5285      11.5303      11.5360      11.5354      11.5338
      11.5237      11.5233      11.5243      11.5181      11.5131      11.5166
      11.5189      11.5228      11.5265      11.5277      11.5291      11.5304
      11.5322      11.5349      11.5390      11.5396      11.5393      11.5424
      11.5452      11.5493      11.5524      11.5529      11.5522      11.5526
      11.5525      11.5539      11.5549      11.5580      11.5637      11.5645
      11.5638      11.5608      11.5557      11.5511      11.5484      11.5473
      11.5489      11.5481      11.5470      11.5506      11.5472      11.5462
      11.5360      11.5287      11.5266      11.5243      11.5226      11.5263
      11.5287      11.5328      11.5321      11.5334      11.5329      11.5300
      11.5281      11.5301      11.5283      11.5303      11.5333      11.5363
      11.5365      11.5375      11.5399      11.5387      11.5414      11.5416
      11.5389      11.5359      11.5350      11.5334      11.5337      11.5382
      11.5438      11.5401      11.5351      11.5319      11.5238      11.5179
      11.5190      11.5178      11.5198      11.5177      11.5157      11.5135
      11.5089      11.5074      11.5061      11.5057      11.4976      11.4978
      11.5003      11.4984      11.4986      11.4975      11.4948      11.4918
      11.4936      11.4942      11.4945      11.4944      11.4937      11.4894
      11.4850      11.4845      11.4876      11.4877      11.4901      11.4944
      11.4941      11.4938      11.4901      11.4874      11.4839      11.4825
      11.4828      11.4817      11.4802      11.4833      11.4848      11.4847
      11.4834      11.4881      11.4869      11.4844      11.4872      11.4859
      11.4837      11.4802      11.4773      11.4759      11.4761      11.4764
      11.4761      11.4728      11.4712      11.4674      11.4650      11.4618
      11.4601      11.4613      11.4658      11.4678      11.4690      11.4664
      11.4648      11.4615      11.4582      11.4557      11.4572      11.4559
      11.4571      11.4590      11.4602      11.4558      11.4511      11.4488
      11.4479      11.4506      11.4498      11.4540      11.4551      11.4576
      11.4549      11.4535      11.4527      11.4505      11.4466      11.4466
      11.4466      11.4458      11.4433      11.4358      11.4319      11.4331
      11.4304      11.4318      11.4290      11.4262      11.4253      11.4236
      11.4227      11.4223      11.4232      11.4184      11.4143      11.4141
      11.4160      11.4195      11.4203      11.4195      11.4162      11.4144
      11.4127      11.4099      11.4118      11.4072      11.4061      11.4075
      11.4029      11.4013      11.3957      11.3932      11.3928      11.3956
      11.3949      11.3911      11.3843      11.3824      11.3843      11.3867
      11.3868      11.3875      11.3881      11.3919      11.3940      11.3948
      11.3941      11.3900      11.3882      11.3884      11.3897      11.3913
      11.3845      11.3817      11.3837      11.3845      11.3857      11.3822
      11.3808      11.3785      11.3752      11.3752      11.3746      11.3730
      11.3658      11.3623      11.3616      11.3645      11.3650      11.3644
      11.3589      11.3525      11.3531      11.3549      11.3579      11.3604
      11.3593      11.3586      11.3590      11.3573      11.3584      11.3545
      11.3485      11.3451      11.3450      11.3465      11.3486      11.3509
      11.3486      11.3421      11.3365      11.3385      11.3376      11.3389
      11.3421      11.3443      11.3415      11.3412      11.3386      11.3365
      11.3352      11.3349      11.3351      11.3326      11.3293      11.3259
      11.3230      11.3216      11.3207      11.3233      11.3207      11.3175
      11.3178      11.3186      11.3185      11.3146      11.3099      11.3055
      11.3026      11.3054      11.3081      11.3103      11.3128      11.3110
      11.3104      11.3072      11.3095      11.3073      11.3062      11.3061
      11.3056      11.3032      11.3077      11.3075      11.3043      11.3012
      11.3000      11.3022      11.2989      11.2986      11.2971      11.2929
      11.2892      11.2879      11.2869      11.2857      11.2865      11.2900
      11.2925      11.2908      11.2913      11.2878      11.2873      11.2835
      11.2800      11.2752      11.2698      11.2733      11.2744      11.2740
      11.2768      11.2762      11.2756      11.2727      11.2721      11.2703
      11.2722      11.2702      11.2722      11.2719      11.2714      11.2714
      11.2684      11.2701      11.2701      11.2693      11.2657      11.2644
      11.2610      11.2601      11.2606      11.2593      11.2591      11.2597
      11.2627      11.2601      11.2590      11.2573      11.2556      11.2554
      11.2544      11.2511      11.2500      11.2465      11.2442      11.2440
      11.2392      11.2392      11.2380      11.2374      11.2369      11.2405
      11.2389      11.2316      11.2299      11.2277      11.2259      11.2267
      11.2262      11.2255      11.2230      11.2211      11.2249      11.2263
      11.2267      11.2241      11.2242      11.2197      11.2186      11.2181
      11.2191      11.2215      11.2159      11.2115      11.2135      11.2125
      11.2091      11.2085      11.2093      11.2055      11.1999      11.1958
      11.1927      11.1936      11.1941      11.1951      11.1956      11.1941
      11.1920      11.1876      11.1894      11.1909      11.1919      11.1914
      11.1875      11.1861      11.1937      11.1914      11.1876      11.1887
      11.1856      11.1847      11.1865      11.1859      11.1825      11.1794
      11.1763      11.1756      11.1760      11.1753      11.1695      11.1693
      11.1733      11.1783      11.1755      11.1717      11.1644      11.1585
      11.1538      11.1524      11.1538      11.1525      11.1495      11.1532
      11.1528      11.1535      11.1551      11.1538      11.1548      11.1582
      11.1589      11.1609      11.1612      11.1641      11.1625      11.1631
      11.1655      11.1660      11.1640      11.1631      11.1666      11.1677
      11.1707      11.1713      11.1664      11.1633      11.1588      11.1587
      11.1579      11.1593      11.1608      11.1640      11.1656      11.1682
      11.1699      11.1652      11.1631      11.1621      11.1605      11.1571
      11.1567      11.1573      11.1575      11.1604      11.1589      11.1577
      11.1544      11.1554      11.1569      11.1527      11.1472      11.1453
      11.1402      11.1434      11.1449      11.1424      11.1413      11.1372
      11.1335      11.1318      11.1305      11.1278      11.1224      11.1208
      11.1241      11.1243      11.1240      11.1240      11.1271      11.1221
      11.1166      11.1183      11.1233      11.1249      11.1259      11.1278
      11.1268      11.1245      11.1247      11.1280      11.1291      11.1306
      11.1302      11.1281      11.1255      11.1243      11.1256      11.1286
      11.1279      11.1288      11.1310      11.1379      11.1343      11.1318
      11.1356      11.1403      11.1370      11.1341      11.1329      11.1325
      11.1324      11.1330      11.1340      11.1309      11.1354      11.1345
      11.1308      11.1284      11.1257      11.1266      11.1247      11.1213
      11.1190      11.1134      11.1107      11.1080      11.1070      11.1108
      11.1129      11.1128      11.1163      11.1195      11.1207      11.1182
      11.1186      11.1187      11.1156      11.1120      11.1121      11.1128
      11.1144      11.1135      11.1118      11.1091      11.1071      11.1014
      11.0953      11.0934      11.0950      11.0995      11.1029      11.1033
      11.1083      11.1094      11.1063      11.1014      11.1019      11.0996
      11.0970      11.0911      11.0862      11.0836      11.0833      11.0856
      11.0844      11.0848      11.0843      11.0853      11.0818      11.0837
      11.0838      11.0809      11.0785      11.0760      11.0784      11.0771
      11.0781      11.0793      11.0796      11.0801      11.0800      11.0782
      11.0819      11.0798      11.0798      11.0793      11.0798      11.0809
      11.0825      11.0814      11.0838      11.0826      11.0734      11.0667
      11.0691      11.0714      11.0684      11.0663      11.0688      11.0716
      11.0685      11.0672      11.0657      11.0688      11.0674      11.0690
      11.0730      11.0737      11.0733      11.0701      11.0694      11.0646
      11.0649      11.0631      11.0590      11.0576      11.0584      11.0590
      11.0635      11.0623      11.0626      11.0622      11.0606      11.0558
      11.0565      11.0591      11.0610      11.0643      11.0654      11.0654
      11.0672      11.0644      11.0648      11.0660      11.0640      11.0605
      11.0568      11.0600      11.0587      11.0557      11.0563      11.0517
      11.0500      11.0501      11.0478      11.0456      11.0496      11.0522
      11.0494      11.0463      11.0428      11.0453      11.0456      11.0443
      11.0384      11.0321      11.0301      11.0344      11.0385      11.0378
      11.0354      11.0355      11.0367      11.0358      11.0352      11.0357
      11.0354      11.0357      11.0317      11.0311      11.0339      11.0371
      11.0419      11.0462      11.0468      11.0434      11.0385      11.0390
      11.0391      11.0400      11.0437      11.0424      11.0468      11.0463
      11.0468      11.0456      11.0449      11.0439      11.0440      11.0417
      11.0395      11.0385      11.0350      11.0304      11.0273      11.0247
      11.0235      11.0239      11.0223      11.0222      11.0234      11.0239
      11.0240      11.0247      11.0218      11.0207      11.0191      11.0235
      11.0269      11.0277      11.0242      11.0212      11.0217      11.0208
      11.0209      11.0155      11.0144      11.0138      11.0127      11.0122
      11.0153      11.0123      11.0089      11.0104      11.0107      11.0116
      11.0070      11.0052      11.0038      11.0033      11.0004      11.0005
      11.0014      10.9954      10.9911      10.9932      10.9997      10.9975
      10.9960      10.9960      10.9931      10.9943      10.9931      10.9957
      10.9943      10.9953      10.9955      10.9915      10.9924      10.9924
      10.9943      10.9962      10.9969      10.9973      11.0022      11.0015
      10.9976      10.9978      11.0007      11.0026      11.0003      11.0025
      10.9977      10.9938      10.9924      10.9956      10.9951      10.9931
      10.9935      10.9938      10.9918      10.9915      10.9906      10.9887
      10.9883      10.9879      10.9855      10.9862      10.9878      10.9847
      10.9868      10.9886      10.9877      10.9824      10.9824      10.9858
      10.9846      10.9866      10.9883      10.9891      10.9885      10.9893
      10.9885      10.9898      10.9872      10.9904      10.9923      10.9905
      10.9880      10.9848      10.9829      10.9818      10.9803      10.9780
      10.9789      10.9808      10.9868      10.9885      10.9892      10.9890
      10.9875      10.9899      10.9876      10.9867      10.9935      10.9913
      10.9893      10.9921      10.9915      10.9942      10.9926      10.9930
      10.9920      10.9852      10.9827      10.9803      10.9787      10.9785
      10.9796      10.9813      10.9816      10.9795      10.9787      10.9781
      10.9793      10.9785      10.9740      10.9735      10.9708      10.9708
      10.9700      10.9621      10.9616      10.9634      10.9669      10.9679
      10.9657      10.9635      10.9624      10.9614      10.9642      10.9583
      10.9557      10.9560      10.9547      10.9520      10.9509      10.9516
      10.9508      10.9520      10.9519      10.9514      10.9497      10.9469
      10.9449      10.9440      10.9437      10.9489      10.9533      10.9521
      10.9533      10.9521      10.9543      10.9564      10.9570      10.9559
      10.9519      10.9535      10.9559      10.9547      10.9504      10.9501
      10.9483      10.9473      10.9463      10.9398      10.9355      10.9329
      10.9306      10.9269      10.9223      10.9205      10.9228      10.9221
      10.9246      10.9244      10.9225      10.9249      10.9241      10.9201
      10.9188      10.9252      10.9268      10.9258      10.9220      10.9216
      10.9181      10.9148      10.9161      10.9125      10.9073      10.9033
      10.9055      10.9050      10.9051      10.9068      10.9047      10.9038
      10.9027      10.9008      10.9013      10.9025      10.9054      10.9071
      10.9076      10.9026      10.9006      10.9031      10.9009      10.9029
      10.9038      10.9034      10.9071      10.9114      10.9122      10.9133
      10.9134      10.9153      10.9175      10.9166      10.9137      10.9132
      10.9167      10.9189      10.9164      10.9167      10.9158      10.9138
      10.9101      10.9092      10.9048      10.9041      10.9048      10.9051
      10.9077      10.9070      10.9055      10.9027      10.9006      10.8999
      10.9023      10.9026      10.9063      10.9072      10.9051      10.9054
      10.9061      10.9046      10.9081      10.9123      10.9089      10.9043
      10.8992      10.8932      10.8931      10.8915      10.8908      10.8895
      10.8891      10.8877      10.8906      10.8891      10.8907      10.8925
      10.8957      10.8948      10.8933      10.8899      10.8860      10.8915
      10.8920      10.8952      10.8960      10.8922      10.8876      10.8868
      10.8828      10.8814      10.8817      10.8862      10.8898      10.8884
      10.8882      10.8887      10.8904      10.8903      10.8911      10.8908
      10.8868      10.8883      10.8897      10.8920      10.8919      10.8941
      10.8928      10.8898      10.8869      10.8866      10.8895      10.8926
      10.8894      10.8875      10.8896      10.8915      10.8876      10.8890
      10.8880      10.8894      10.8877      10.8861      10.8841      10.8834
      10.8812      10.8805      10.8791      10.8806      10.8811      10.8781
      10.8751      10.8753      10.8749      10.8711      10.8735      10.8727
      10.8729      10.8685      10.8650      10.8678      10.8698      10.8717
      10.8704      10.8758      10.8742      10.8759      10.8768      10.8777
      10.8785      10.8795      10.8799      10.8775      10.8732      10.8681
      10.8688      10.8654      10.8680      10.8670      10.8662      10.8662
      10.8704      10.8690      10.8670      10.8633      10.8625      10.8630
      10.8659      10.8649      10.8600      10.8617      10.8630      10.8633
      10.8669      10.8633      10.8642      10.8663      10.8680      10.8721
      10.8726      10.8701      10.8714      10.8749      10.8746      10.8754
      10.8777      10.8756      10.8739      10.8734      10.8705      10.8723
      10.8748      10.8728      10.8706      10.8655      10.8647      10.8624
      10.8605      10.8631      10.8669      10.8627      10.8602      10.8596
      10.8539      10.8512      10.8519      10.8500      10.8511      10.8474
      10.8443      10.8421      10.8377      10.8376      10.8415      10.8452
      10.8486      10.8498      10.8495      10.8511      10.8499      10.8479
      10.8445      10.8441      10.8433      10.8396      10.8389      10.8387
      10.8340      10.8290      10.8275      10.8278      10.8292      10.8261
      10.8265      10.8281      10.8258      10.8249      10.8244      10.8193
      10.8170      10.8208      10.8248      10.8252      10.8245      10.8264
      10.8282      10.8303      10.8326      10.8340      10.8326      10.8353
      10.8345      10.8361      10.8367      10.8414      10.8408      10.8323
      10.8278      10.8287      10.8310      10.8345      10.8371      10.8374
      10.8384      10.8362      10.8404      10.8425      10.8415      10.8393
      10.8412      10.8444      10.8438      10.8447      10.8473      10.8447
      10.8442      10.8442      10.8419      10.8399      10.8366      10.8364
      10.8351      10.8298      10.8269      10.8246      10.8206      10.8221
      10.8245      10.8298      10.8286      10.8283      10.8294      10.8333
      10.8329      10.8305      10.8306      10.8318      10.8347      10.8353
      10.8326      10.8326      10.8304      10.8295      10.8305      10.8267
      10.8257      10.8258      10.8268      10.8292      10.8287      10.8277
      10.8277      10.8251      10.8273      10.8266      10.8279      10.8302
      10.8288      10.8277      10.8276      10.8337      10.8356      10.8348
      10.8347      10.8345      10.8345      10.8346      10.8363      10.8342
      10.8352      10.8331      10.8335      10.8339      10.8331      10.8350
      10.8362      10.8364      10.8369      10.8397      10.8395      10.8413
      10.8358      10.8342      10.8328      10.8321      10.8341      10.8376
      10.8356      10.8334      10.8366      10.8388      10.8394      10.8390
      10.8417      10.8446      10.8459      10.8482      10.8493      10.8500
      10.8513      10.8501      10.8533      10.8507      10.8493      10.8475
      10.8456      10.8446      10.8431      10.8440      10.8447      10.8429
      10.8393      10.8371      10.8374      10.8345      10.8332      10.8348
      10.8361      10.8351      0.00000      0.00000      0.00000      0.00000
      0.00000      0.00000      0.00000      0.00000      0.00000      0.00000
      0.00000      0.00000      0.00000      0.00000      0.00000      0.00000
      0.00000      0.00000      0.00000      0.00000      0.00000      0.00000
      0.00000      0.00000      0.00000      0.00000      0.00000      0.00000
      0.00000      0.00000      0.00000      0.00000      0.00000      0.00000
      0.00000      0.00000      0.00000      0.00000      0.00000      0.00000
      0.00000      0.00000      0.00000      0.00000      0.00000      0.00000
      0.00000      0.00000      0.00000      0.00000      0.00000      0.00000
      0.00000      0.00000      0.00000      0.00000      0.00000      0.00000
      0.00000      0.00000      0.00000      0.00000      0.00000      0.00000
      0.00000      0.00000      0.00000      0.00000      0.00000      0.00000
      0.00000      0.00000      0.00000      0.00000      0.00000      0.00000
      0.00000      0.00000      0.00000      0.00000      0.00000      0.00000
      0.00000      0.00000      0.00000      0.00000      0.00000      0.00000
      0.00000      0.00000      0.00000      0.00000      0.00000      0.00000
      0.00000      0.00000      0.00000      0.00000      0.00000      0.00000
      0.00000      0.00000      0.00000      0.00000      0.00000      0.00000
      0.00000      0.00000      0.00000      0.00000      0.00000      0.00000
      0.00000      0.00000      0.00000      0.00000      0.00000      0.00000
      0.00000      0.00000      0.00000      0.00000      0.00000      0.00000
      0.00000      0.00000      0.00000      0.00000      0.00000      0.00000
      0.00000      0.00000      0.00000      0.00000      0.00000      0.00000
      0.00000      0.00000      0.00000      0.00000      0.00000      0.00000
      0.00000      0.00000      0.00000      0.00000      0.00000      0.00000
      0.00000      0.00000      0.00000      0.00000      0.00000      0.00000
      0.00000      0.00000      0.00000      0.00000      0.00000      0.00000
      0.00000      0.00000      0.00000      0.00000      0.00000      0.00000
      0.00000      0.00000      0.00000      0.00000      0.00000      0.00000
      0.00000      0.00000      0.00000      0.00000      0.00000      0.00000
      0.00000      0.00000      0.00000      0.00000      0.00000      0.00000
      0.00000      0.00000      0.00000      0.00000      0.00000      0.00000
      0.00000      0.00000      0.00000      0.00000      0.00000      0.00000
      0.00000      0.00000      0.00000      0.00000      0.00000      0.00000
      0.00000      0.00000      0.00000      0.00000      0.00000      0.00000
      0.00000      0.00000      0.00000      0.00000      0.00000      0.00000
      0.00000      0.00000      0.00000      0.00000      0.00000      0.00000
      0.00000      0.00000      0.00000      0.00000      0.00000      0.00000
      0.00000      0.00000      0.00000      0.00000      0.00000      0.00000
      0.00000      0.00000      0.00000      0.00000      0.00000      0.00000
      0.00000      0.00000      0.00000      0.00000      0.00000      0.00000
      0.00000      0.00000      0.00000      0.00000      0.00000      0.00000
      0.00000      0.00000      0.00000      0.00000      0.00000      0.00000
      0.00000      0.00000      0.00000      0.00000      0.00000      0.00000
      0.00000      0.00000      0.00000      0.00000      0.00000      0.00000
      0.00000      0.00000      0.00000      0.00000      0.00000      0.00000
      0.00000      0.00000      0.00000      0.00000      0.00000      0.00000
      0.00000      0.00000      0.00000      0.00000      0.00000      0.00000
      0.00000      0.00000      0.00000      0.00000      0.00000      0.00000
      0.00000      0.00000      0.00000      0.00000      0.00000      0.00000
      0.00000      0.00000      0.00000      0.00000      0.00000      0.00000
      0.00000      0.00000      0.00000      0.00000      0.00000      0.00000
      0.00000      0.00000      0.00000      0.00000      0.00000      0.00000
      0.00000      0.00000      0.00000      0.00000      0.00000      0.00000
      0.00000      0.00000      0.00000      0.00000      0.00000      0.00000
      0.00000      0.00000      0.00000      0.00000      0.00000      0.00000
      0.00000      0.00000      0.00000      0.00000      0.00000      0.00000
      0.00000      0.00000      0.00000      0.00000      0.00000      0.00000
      0.00000      0.00000      0.00000      0.00000      0.00000      0.00000
      0.00000      0.00000      0.00000      0.00000      0.00000      0.00000
      0.00000      0.00000      0.00000      0.00000      0.00000      0.00000
      0.00000      0.00000      0.00000      0.00000      0.00000      0.00000
      0.00000      0.00000      0.00000      0.00000      0.00000      0.00000
      0.00000      0.00000      0.00000      0.00000      0.00000      0.00000
      0.00000      0.00000      0.00000      0.00000      0.00000      0.00000
      0.00000      0.00000      0.00000      0.00000      0.00000      0.00000
      0.00000      0.00000      0.00000      0.00000      0.00000      0.00000
      0.00000      0.00000      0.00000      0.00000      0.00000      0.00000
      0.00000      0.00000      0.00000      0.00000      0.00000      0.00000
      0.00000      0.00000      0.00000      0.00000      0.00000      0.00000
      0.00000      0.00000      0.00000      0.00000      0.00000      0.00000
      0.00000      0.00000      0.00000      0.00000      0.00000      0.00000
      0.00000      0.00000      0.00000      0.00000      0.00000      0.00000
      0.00000      0.00000      0.00000      0.00000      0.00000      0.00000
      0.00000      0.00000      0.00000      0.00000      0.00000      0.00000
      0.00000      0.00000      0.00000      0.00000      0.00000      0.00000
      0.00000      0.00000      0.00000      0.00000      0.00000      0.00000
      0.00000      0.00000      0.00000      0.00000      0.00000      0.00000
      0.00000      0.00000      0.00000      0.00000      0.00000      0.00000
      0.00000      0.00000      0.00000      0.00000      0.00000      0.00000
      0.00000      0.00000      0.00000      0.00000      0.00000      0.00000
      0.00000      0.00000      0.00000      0.00000      0.00000      0.00000
      0.00000      0.00000      0.00000      0.00000      0.00000      0.00000
      0.00000      0.00000      0.00000      0.00000      0.00000      0.00000
      0.00000      0.00000      0.00000      0.00000      0.00000      0.00000
      0.00000      0.00000      0.00000      0.00000      0.00000      0.00000
      0.00000      0.00000      0.00000      0.00000      0.00000      0.00000
      0.00000      0.00000      0.00000      0.00000      0.00000      0.00000
      0.00000      0.00000      0.00000      0.00000      0.00000      0.00000
      0.00000      0.00000      0.00000      0.00000      0.00000      0.00000
      0.00000      0.00000      0.00000      0.00000      0.00000      0.00000
      0.00000      0.00000      0.00000      0.00000      0.00000      0.00000
      0.00000      0.00000      0.00000      0.00000      0.00000      0.00000
      0.00000      0.00000      0.00000      0.00000      0.00000      0.00000
      0.00000      0.00000      0.00000      0.00000      0.00000      0.00000
      0.00000      0.00000      0.00000      0.00000      0.00000      0.00000
      0.00000      0.00000      0.00000      0.00000      0.00000      0.00000
      0.00000      0.00000      0.00000      0.00000      0.00000      0.00000
      0.00000      0.00000      0.00000      0.00000      0.00000      0.00000
      0.00000      0.00000      0.00000      0.00000      0.00000      0.00000
      0.00000      0.00000      0.00000      0.00000      0.00000      0.00000
      0.00000      0.00000      0.00000      0.00000      0.00000      0.00000
      0.00000      0.00000      0.00000      0.00000      0.00000      0.00000
      0.00000      0.00000      0.00000      0.00000      0.00000      0.00000
      0.00000      0.00000      0.00000      0.00000      0.00000      0.00000
      0.00000      0.00000      0.00000      0.00000      0.00000      0.00000
      0.00000      0.00000      0.00000      0.00000      0.00000      0.00000
      0.00000      0.00000      0.00000      0.00000      0.00000      0.00000
      0.00000      0.00000      0.00000      0.00000      0.00000      0.00000
      0.00000      0.00000      0.00000      0.00000      0.00000      0.00000
      0.00000      0.00000      0.00000      0.00000      0.00000      0.00000
      0.00000      0.00000      0.00000      0.00000      0.00000      0.00000
      0.00000      0.00000      0.00000      0.00000      0.00000      0.00000
      0.00000      0.00000      0.00000      0.00000      0.00000      0.00000
      0.00000      0.00000      0.00000      0.00000      0.00000      0.00000
      0.00000      0.00000      0.00000      0.00000      0.00000      0.00000
      0.00000      0.00000      0.00000      0.00000      0.00000      0.00000
      0.00000      0.00000      0.00000      0.00000      0.00000      0.00000
      0.00000      0.00000      0.00000      0.00000      0.00000      0.00000
      0.00000      0.00000      0.00000      0.00000      0.00000      0.00000
      0.00000      0.00000      0.00000      0.00000      0.00000      0.00000
      0.00000      0.00000      0.00000      0.00000      0.00000      0.00000
      0.00000      0.00000      0.00000      0.00000      0.00000      0.00000
      0.00000      0.00000      0.00000      0.00000      0.00000      0.00000
      0.00000      0.00000      0.00000      0.00000      0.00000      0.00000
      0.00000      0.00000      0.00000      0.00000      0.00000      0.00000
      0.00000      0.00000      0.00000      0.00000      0.00000      0.00000
      0.00000      0.00000      0.00000      0.00000      0.00000      0.00000
      0.00000      0.00000      0.00000      0.00000      0.00000      0.00000
      0.00000      0.00000      0.00000      0.00000      0.00000      0.00000
      0.00000      0.00000      0.00000      0.00000      0.00000      0.00000
      0.00000      0.00000      0.00000      0.00000      0.00000      0.00000
      0.00000      0.00000      0.00000      0.00000      0.00000      0.00000
      0.00000      0.00000      0.00000      0.00000      0.00000      0.00000
      0.00000      0.00000      0.00000      0.00000      0.00000      0.00000
      0.00000      0.00000      0.00000      0.00000      0.00000      0.00000
      0.00000      0.00000      0.00000      0.00000      0.00000      0.00000
      0.00000      0.00000      0.00000      0.00000      0.00000      0.00000
      0.00000      0.00000      0.00000      0.00000      0.00000      0.00000
      0.00000      0.00000      0.00000      0.00000      0.00000      0.00000
      0.00000      0.00000      0.00000      0.00000      0.00000      0.00000
      0.00000      0.00000      0.00000      0.00000      0.00000      0.00000
      0.00000      0.00000      0.00000      0.00000      0.00000      0.00000
      0.00000      0.00000      0.00000      0.00000      0.00000      0.00000
      0.00000      0.00000      0.00000      0.00000      0.00000      0.00000
      0.00000      0.00000      0.00000      0.00000      0.00000      0.00000
      0.00000      0.00000      0.00000      0.00000      0.00000      0.00000
      0.00000      0.00000      0.00000      0.00000      0.00000      0.00000
      0.00000      0.00000      0.00000      0.00000      0.00000      0.00000
      0.00000      0.00000      0.00000      0.00000      0.00000      0.00000
      0.00000      0.00000      0.00000      0.00000      0.00000      0.00000
      0.00000      0.00000      0.00000      0.00000      0.00000      0.00000
      0.00000      0.00000      0.00000      0.00000      0.00000      0.00000
      0.00000      0.00000      0.00000      0.00000      0.00000      0.00000
      0.00000      0.00000      0.00000      0.00000      0.00000      0.00000
      0.00000      0.00000      0.00000      0.00000      0.00000      0.00000
      0.00000      0.00000      0.00000      0.00000      0.00000      0.00000
      0.00000      0.00000      0.00000      0.00000      0.00000      0.00000
      0.00000      0.00000      0.00000      0.00000      0.00000      0.00000
      0.00000      0.00000      0.00000      0.00000      0.00000      0.00000
      0.00000      0.00000      0.00000      0.00000      0.00000      0.00000
      0.00000      0.00000      0.00000      0.00000      0.00000      0.00000
      0.00000      0.00000      0.00000      0.00000      0.00000      0.00000
      0.00000      0.00000      0.00000      0.00000      0.00000      0.00000
      0.00000      0.00000      0.00000      0.00000      0.00000      0.00000
      0.00000      0.00000      0.00000      0.00000      0.00000      0.00000
      0.00000      0.00000      0.00000      0.00000      0.00000      0.00000
