    2000
      21.8416      21.8840      22.0173      22.1376      22.1725      22.1951
      22.1714      22.2200      22.2839      22.3079      22.3833      22.3868
      22.3061      22.3015      22.3326      22.2856      22.3963      22.3905
      22.3001      22.3175      22.3692      22.4711      22.4064      22.3710
      22.3922      22.4285      22.5100      22.5684      22.4438      22.4259
      22.4237      22.3989      22.3298      22.3559      22.3870      22.4226
      22.4022      22.3816      22.4188      22.4172      22.3940      22.4280
      22.3938      22.3539      22.3823      22.4157      22.4074      22.3853
      22.2865      22.3318      22.3358      22.3595      22.3229      22.3522
      22.3397      22.3105      22.3847      22.3531      22.2502      22.3377
      22.3397      22.3941      22.3817      22.3201      22.2425      22.2034
      22.3361      22.4178      22.4423      22.4067      22.3900      22.3996
      22.3996      22.4248      22.3698      22.3099      22.3531      22.3953
      22.3612      22.2808      22.3662      22.3709      22.3801      22.4206
      22.4118      22.4076      22.3671      22.3884      22.4638      22.4209
      22.4623      22.4346      22.4155      22.4569      22.4703      22.4193
      22.4191      22.4864      22.5350      22.4846      22.4856      22.4503
      22.4069      22.4195      22.4021      22.3692      22.3903      22.4459
      22.5140      22.4867      22.5061      22.5605      22.5350      22.5536
      22.5483      22.5957      22.6578      22.6137      22.7199      22.7812
      22.8071      22.7937      22.8133      22.7939      22.8240      22.8134
      22.8457      22.8904      22.7942      22.8232      22.8445      22.7612
      22.7788      22.8659      22.8008      22.7109      22.8155      22.8588
      22.8315      22.8117      22.7734      22.8577      22.8128      22.8061
      22.7933      22.7386      22.8306      22.8515      22.8133      22.7661
      22.7100      22.8023      22.8468      22.8207      22.8431      22.8924
      22.8434      22.8571      22.8733      22.8340      22.7777      22.7538
      22.7922      22.7890      22.8332      22.8507      22.7589      22.7901
      22.8259      22.8392      22.8573      22.8437      22.8381      22.8401
      22.8538      22.8582      22.8294      22.8373      22.7438      22.7448
      22.7790      22.8462      22.8351      22.8372      22.7717      22.7177
      22.8514      22.8210      22.8260      22.8517      22.8926      22.8813
      22.8831      22.9121      22.8829      22.8456      22.9088      22.9049
      22.8254      22.8420      22.8556      22.8058      22.7424      22.7595
      22.8582      22.8567      22.8252      22.8262      22.8054      22.8472
      22.8072      22.8563      22.7645      22.7862      22.7743      22.7455
      22.7322      22.8005      22.7524      22.7887      22.8307      22.8113
      22.8250      22.8044      22.8794      22.9265      22.9689      22.9304
      22.8084      22.7927      22.8281      22.8014      22.8108      22.8896
      22.9244      22.8433      22.8817      22.8446      22.8370      22.8622
      22.8441      22.8275      22.9114      22.8229      22.8050      22.8245
      22.7714      22.8282      22.8259      22.8213      22.8307      22.7746
      22.7531      22.7749      22.7778      22.8086      22.8814      22.8419
      22.7812      22.6885      22.7492      22.8606      22.8488      22.8538
      22.7917      22.8452      22.8256      22.7738      22.8619      22.7172
      22.6964      22.8196      22.8256      22.8199      22.7625      22.7372
      22.7861      22.7995      22.8500      22.8977      22.8985      22.7819
      22.7659      22.7886      22.7972      22.8424      22.9082      22.9016
      22.8684      22.8428      22.8355      22.7641      22.7564      22.7818
      22.7803      22.8568      22.7825      22.7584      22.7491      22.7971
      22.8148      22.8801      22.8923      22.8275      22.7318      22.7992
      22.7492      22.8211      22.7851      22.7952      22.7522      22.8136
      22.8002      22.8425      22.8486      22.8182      22.7018      22.7508
      22.8463      22.8245      22.8354      22.7292      22.7570      22.7904
      22.8983      22.8971      22.8418      22.8258      22.8241      22.7766
      22.7525      22.7429      22.7993      22.8256      22.8278      22.7750
      22.7495      22.8234      22.8731      22.8828      22.8179      22.7457
      22.7123      22.7650      22.8335      22.8472      22.8839      22.8270
      22.7961      22.7359      22.7726      22.8414      22.9155      22.8268
      22.8074      22.8258      22.8114      22.8621      22.8322      22.7946
      22.7819      22.7796      22.8496      22.8576      22.7943      22.7951
      22.7248      22.7339      22.7969      22.8296      22.8542      22.8177
      22.7029      22.7898      22.8373      22.7619      22.7324      22.7848
      22.7679      22.7453      22.7200      22.7549      22.7645      22.7822
      22.8906      22.8893      22.8058      22.8122      22.7827      22.7698
      22.8107      22.8155      22.8017      22.7506      22.8400      22.8437
      22.8353      22.7861      22.7558      22.7867      22.8307      22.8368
      22.8064      22.7270      22.7171      22.7413      22.8263      22.8680
      22.7939      22.7805      22.7531      22.8004      22.7971      22.8263
      22.7722      22.7364      22.7502      22.7797      22.7050      22.8218
      22.7772      22.6986      22.6829      22.7358      22.7705      22.7902
      22.7147      22.7876      22.8000      22.7902      22.8440      22.7716
      22.7306      22.7424      22.8387      22.8082      22.7720      22.8120
      22.8319      22.7979      22.8160      22.7845      22.7386      22.7231
      22.6542      22.7622      22.7405      22.7783      22.7796      22.7839
      22.7484      22.7843      22.8009      22.7586      22.6906      22.7492
      22.7469      22.6790      22.7145      22.8258      22.7242      22.7189
      22.7608      22.6887      22.7141      22.7744      22.7633      22.8844
      22.8312      22.8333      22.7486      22.7150      22.7425      22.7549
      22.7241      22.7085      22.7675      22.7846      22.7292      22.8066
      22.8223      22.8640      22.8512      22.8034      22.7628      22.7289
      22.8056      22.7768      22.7961      22.7745      22.7320      22.7959
      22.6966      22.7454      22.6432      22.7084      22.7336      22.8149
      22.8740      22.8821      22.8379      22.8025      22.8266      22.8382
      22.7811      22.7308      22.7272      22.7481      22.8015      22.7453
      22.8051      22.8035      22.8367      22.8192      22.8023      22.7695
      22.6963      22.6546      22.7890      22.8357      22.8192      22.7567
      22.7580      22.6836      22.7491      22.7733      22.7408      22.7195
      22.7487      22.6897      22.7362      22.7105      22.7229      22.8405
      22.8027      22.7741      22.7800      22.7232      22.6912      22.6963
      22.7724      22.7738      22.7308      22.6985      22.7838      22.7834
      22.7545      22.7834      22.8261      22.8063      22.7804      22.8279
      22.7587      22.8195      22.8792      22.8659      22.7794      22.8402
      22.8117      22.7429      22.7484      22.7033      22.6853      22.7231
      22.8235      22.8145      22.7565      22.7439      22.7186      22.7948
      22.8080      22.8204      22.7920      22.8167      22.7322      22.7238
      22.7619      22.7856      22.8050      22.7590      22.7304      22.7458
      22.7718      22.7789      22.7468      22.7190      22.7745      22.8815
      22.8518      22.8024      22.7585      22.6851      22.7311      22.7727
      22.7277      22.7759      22.8018      22.8552      22.8970      22.7723
      22.7148      22.7136      22.7725      22.7620      22.7418      22.7203
      22.6640      22.6939      22.7712      22.7133      22.8115      22.8545
      22.7245      22.6502      22.6911      22.6687      22.7273      22.7831
      22.8258      22.7831      22.7614      22.6886      22.6626      22.6989
      22.7499      22.7228      22.7643      22.7499      22.7192      22.7769
      22.7530      22.6968      22.6653      22.7373      22.7574      22.7230
      22.6910      22.7136      22.7605      22.7285      22.7725      22.8117
      22.7844      22.6972      22.7754      22.7700      22.8078      22.7678
      22.7969      22.7520      22.7484      22.7288      22.7778      22.8009
      22.6857      22.6539      22.6850      22.7294      22.7984      22.8213
      22.7551      22.8069      22.9048      22.8399      22.7458      22.7311
      22.6796      22.6766      22.7033      22.7022      22.7132      22.7871
      22.7721      22.7384      22.7983      22.8087      22.8254      22.7922
      22.7516      22.7782      22.8095      22.7834      22.7866      22.8042
      22.7538      22.7582      22.6973      22.7583      22.7336      22.7491
      22.7671      22.6897      22.6681      22.6778      22.7213      22.7710
      22.7168      22.7548      22.7385      22.6960      22.7047      22.7374
      22.7767      22.7543      22.7217      22.7004      22.6993      22.7138
      22.6786      22.6320      22.6644      22.7156      22.7675      22.7045
      22.7239      22.7504      22.6909      22.6385      22.7525      22.7811
      22.7155      22.6480      22.6929      22.7448      22.7224      22.7341
      22.7931      22.7501      22.6703      22.6889      22.7452      22.7464
      22.7114      22.7350      22.7594      22.7422      22.7848      22.7346
      22.6481      22.6878      22.7705      22.7196      22.7223      22.7143
      22.7345      22.7155      22.7571      22.7649      22.7595      22.8033
      22.7978      22.7228      22.6462      22.6921      22.7272      22.7690
      22.7408      22.7524      22.7762      22.7299      22.6721      22.6396
      22.6378      22.6895      22.6843      22.6982      22.7292      22.5992
      22.6092      22.6670      22.7178      22.7258      22.7278      22.7770
      22.8163      22.7126      22.6774      22.7516      22.6909      22.7662
      22.7488      22.7069      22.6835      22.7315      22.7325      22.6937
      22.7529      22.7083      22.6776      22.6503      22.6532      22.6935
      22.6810      22.6426      22.5826      22.6287      22.7107      22.6576
      22.6766      22.7511      22.7190      22.6987      22.7495      22.7542
      22.6642      22.5656      22.6473      22.6701      22.7108      22.7226
      22.8465      22.7368      22.6980      22.7153      22.7872      22.7271
      22.6453      22.6936      22.6389      22.6760      22.6489      22.6916
      22.7547      22.7671      22.7419      22.7523      22.7672      22.7651
      22.7477      22.6697      22.7923      22.6923      22.7751      22.7304
      22.7352      22.7695      22.6536      22.5814      22.7600      22.8387
      22.7071      22.6152      22.6373      22.7307      22.7841      22.7725
      22.7318      22.6850      22.6818      22.6974      22.6354      22.6809
      22.7532      22.7313      22.7101      22.6582      22.6474      22.7212
      22.7599      22.7343      22.6899      22.6364      22.6380      22.7708
      22.6946      22.7024      22.7622      22.7051      22.6348      22.6020
      22.5766      22.6142      22.6533      22.6403      22.6242      22.6725
      22.6543      22.6325      22.7154      22.6260      22.6359      22.5743
      22.6225      22.5938      22.6290      22.6503      22.6516      22.6888
      22.7002      22.6133      22.6430      22.7545      22.7267      22.6520
      22.6815      22.6408      22.6318      22.7187      22.7266      22.6910
      22.6458      22.6500      22.6738      22.6123      22.6114      22.6980
      22.7048      22.6751      22.6351      22.7256      22.7627      22.6699
      22.6620      22.6131      22.6852      22.6480      22.6818      22.6264
      22.6079      22.5590      22.6379      22.5951      22.7114      22.6069
      22.5251      22.5726      22.6873      22.6674      22.6639      22.6118
      22.6107      22.5909      22.6778      22.7004      22.6820      22.7395
      22.6938      22.6233      22.6978      22.7140      22.7008      22.6420
      22.6804      22.6936      22.6441      22.6897      22.7141      22.6721
      22.6333      22.8234      22.7646      22.7241      22.7004      22.6762
      22.6294      22.7009      22.6227      22.6584      22.6465      22.7124
      22.7148      22.6530      22.7003      22.6817      22.6197      22.6384
      22.6870      22.6886      22.6493      22.6636      22.5947      22.6099
      22.6503      22.6329      22.6611      22.6742      22.6573      22.5963
      22.6206      22.6177      22.6347      22.7445      22.6818      22.6295
      22.7159      22.6721      22.6105      22.6907      22.7089      22.6461
      22.5806      22.6529      22.6637      22.6535      22.6050      22.6167
      22.6460      22.6391      22.6821      22.5874      22.6273      22.6379
      22.6583      22.6766      22.6170      22.6335      22.6413      22.6058
      22.6335      22.6772      22.6874      22.6953      22.6609      22.5945
      22.6112      22.6967      22.7510      22.6845      22.5734      22.5738
      22.5995      22.7155      22.7248      22.6840      22.6653      22.6382
      22.6459      22.6921      22.6775      22.7433      22.6852      22.5738
      22.5402      22.5121      22.5221      22.6021      22.6549      22.6579
      22.6420      22.6560      22.6506      22.7158      22.6356      22.5749
      22.6131      22.6786      22.7203      22.6979      22.6306      22.6789
      22.6725      22.7153      22.6231      22.5413      22.5708      22.6542
      22.6540      22.6354      22.6778      22.6927      22.6798      22.7006
      22.6186      22.6835      22.6795      22.6914      22.7417      22.6499
      22.6532      22.6816      22.7222      22.6681      22.5883      22.6007
      22.6315      22.6148      22.6450      22.6657      22.6792      22.6390
      22.6087      22.6142      22.5998      22.6264      22.6566      22.6788
      22.6019      22.6134      22.6071      22.6151      22.6542      22.5804
      22.5383      22.5842      22.6440      22.7020      22.6512      22.6042
      22.6718      22.6688      22.6502      22.6163      22.6772      22.6983
      22.7222      22.6266      22.6828      22.7630      22.7367      22.6744
      22.6243      22.6147      22.6203      22.6386      22.6207      22.6482
      22.7054      22.7557      22.6147      22.6651      22.6485      22.6360
      22.6623      22.6992      22.6954      22.6399      22.6038      22.5904
      22.6440      22.5904      22.6753      22.7035      22.6393      22.6575
      22.6619      22.6654      22.6632      22.6927      22.6502      22.6192
      22.6501      22.6880      22.7202      22.7511      22.7117      22.6704
      22.6598      22.6664      22.6835      22.6655      22.6566      22.6122
      22.6773      22.6143      22.6548      22.6587      22.5641      22.5574
      22.5620      22.6320      22.6800      22.6494      22.6792      22.6100
      22.5964      22.5792      22.6377      22.6160      22.6367      22.6404
      22.5711      22.6445      22.6673      22.6270      22.6025      22.7343
      22.7697      22.7353      22.7193      22.6825      22.6313      22.5928
      22.7145      22.6628      22.5798      22.6458      22.6411      22.6345
      22.6294      22.5996      22.5791      22.6390      22.5797      22.5624
      22.6491      22.6003      22.6416      22.6247      22.6033      22.5934
      22.5898      22.5464      22.6302      22.6513      22.6695      22.7026
      22.6056      22.6180      22.5779      22.5468      22.5378      22.6593
      22.6263      22.6201      22.6857      22.7053      22.6436      22.6163
      22.6000      22.5936      22.5408      22.6681      22.7540      22.7456
      22.7685      22.7252      22.6419      22.6504      22.5641      22.5936
      22.6902      22.6947      22.6114      22.6795      22.7332      22.6485
      22.6329      22.6459      22.6856      22.5800      22.6174      22.6335
      22.5951      22.6186      22.6625      22.6577      22.7102      22.6650
      22.6732      22.6450      22.6620      22.5766      22.5755      22.6154
      22.5821      22.6525      22.6450      22.6528      22.6193      22.5941
      22.6143      22.6099      22.6285      22.6959      22.7344      22.7245
      22.7309      22.6942      22.7155      22.6968      22.5699      22.5788
      22.5092      22.5540      22.5874      22.6096      22.6325      22.6678
      22.6089      22.6148      22.6026      22.5985      22.6709      22.6621
      22.6437      22.6748      22.5901      22.5567      22.6082      22.6319
      22.6341      22.6496      22.5877      22.5547      22.5475      22.5625
      22.5193      22.5984      22.7262      22.6664      22.6300      22.5923
      22.6778      22.6551      22.6477      22.7039      22.6329      22.6284
      22.6210      22.6596      22.6022      22.5834      22.5889      22.6075
      22.5985      22.5762      22.5481      22.5119      22.5996      22.6474
      22.6359      22.5714      22.5499      22.6454      22.6615      22.6634
      22.6354      22.5871      22.6036      22.5832      22.6533      22.6632
      22.5059      22.5027      22.6464      22.6105      22.6445      22.6143
      22.5965      22.6162      22.6027      22.6656      22.6536      22.6409
      22.5717      22.5202      22.5674      22.6247      22.6284      22.6842
      22.6416      22.6431      22.6172      22.5831      22.5826      22.5533
      22.5871      22.5574      22.6312      22.5803      22.6151      22.6425
      22.6915      22.6050      22.6686      22.6630      22.5992      22.6394
      22.6996      22.6818      22.6780      22.5821      22.5947      22.6015
      22.6239      22.6378      22.5856      22.6610      22.7037      22.6929
      22.6324      22.6355      22.6011      22.6213      22.6153      22.6405
      22.6591      22.6273      22.6048      22.5734      22.5174      22.5192
      22.6233      22.5840      22.6279      22.6541      22.6307      22.6123
      22.5750      22.5958      22.5927      22.6389      22.6431      22.6819
      22.6248      22.6080      22.7570      22.7023      22.6347      22.5566
      22.5361      22.5568      22.6261      22.5778      22.5441      22.6433
      22.6815      22.6865      22.6565      22.5895      22.6128      22.6906
      22.6883      22.6819      22.6598      22.6112      22.6391      22.6512
      22.6804      22.6702      22.6597      22.7179      22.5812      22.5764
      22.6299      22.6438      22.6926      22.5778      22.6306      22.6092
      22.6048      22.6337      22.5941      22.5898      22.6054      22.5191
      22.5445      22.6626      22.6074      22.6811      22.5920      22.5192
      22.6026      22.6518      22.6462      22.6323      22.6844      22.6456
      22.5742      22.5142      22.5541      22.5845      22.6572      22.7243
      22.6583      22.6089      22.5723      22.6227      22.6134      22.6086
      22.5096      22.5969      22.5818      22.6792      22.6519      22.6255
      22.5897      22.5528      22.6211      22.6999      22.6888      22.6939
      22.5927      22.5597      22.6159      22.6087      22.5504      22.5689
      22.6288      22.6287      22.6338      22.5423      22.5557      22.5557
      22.6705      22.7270      22.7148      22.6356      22.6467      22.6949
      22.7032      22.6662      22.6529      22.6196      22.6015      22.6447
      22.6048      22.6764      22.6723      22.5974      22.5513      22.5633
      22.5605      22.5401      22.6658      22.7244      22.6404      22.6040
      22.6083      22.6117      22.6448      22.6005      22.6802      22.6806
      22.6371      22.6526      22.6109      22.5397      22.5453      22.5356
      22.5980      22.7121      22.6433      22.5842      22.5682      22.5624
      22.5659      22.5770      22.6507      22.6242      22.6514      22.6312
      22.6212      22.5495      22.6220      22.6469      22.6197      22.5544
      22.5701      22.6508      22.6573      22.6224      22.6110      22.6507
      22.6597      22.7158      22.6681      22.6027      22.5923      22.5842
      22.5479      22.5933      22.6133      22.6098      22.6290      22.6087
      22.6347      22.5835      22.7123      22.6815      22.6120      22.5940
      22.6152      22.5525      22.5905      22.6024      22.6255      22.6938
      22.7514      22.6726      22.6487      22.6165      22.5713      22.5983
      22.6097      22.5985      22.6393      22.5340      22.5531      22.6260
      22.6574      22.6863      22.6636      22.6388      22.5886      22.6407
      22.5642      22.5767      22.5558      22.5772      22.5870      22.5649
      22.5676      22.6592      22.6811      22.6187      22.6756      22.5904
      22.5536      22.5863      22.5716      22.5870      22.6016      22.5930
      22.5664      22.6011      22.6263      22.5806      22.5513      22.4784
      22.4388      22.5201      22.5118      22.5298      22.5759      22.5976
      22.6267      22.5316      22.5997      22.6516      22.6167      22.6187
      22.6703      22.6179      22.6367      22.5838      22.6636      22.6164
      22.5617      22.5735      22.6294      22.6086      22.5961      22.5426
      22.4842      22.5251      22.5440      22.6387      22.6397      22.5897
      22.5205      22.4961      22.6073      22.6508      22.5684      22.5476
      22.4464      22.4439      22.5654      22.6351      22.6159      22.6269
      22.6273      22.6586      22.6202      22.6211      22.6095      22.5582
      22.5962      22.6237      22.6943      22.6230      22.5248      22.5736
      22.6409      22.6493      22.6398      22.5556      22.5420      22.5877
      22.5643      22.6184      22.6221      22.5608      22.5796      22.6603
      22.5918      22.6364      22.5462      22.5275      22.6045      22.5624
      22.6098      22.6011      22.5823      22.4862      22.4892      22.5150
      22.5204      22.5500      22.5611      22.5965      22.6372      22.5096
      22.5888      22.5840      22.6002      22.6479      22.6612      22.6645
      22.6269      22.5953      22.6297      22.6357      22.6196      22.5429
      22.5171      22.4672      22.4724      22.6046      22.6175      22.6032
      22.5867      22.6159      22.6011      22.6062      22.5573      22.5641
      22.5890      22.6572      22.6526      22.6212      22.6224      22.6103
      22.6029      22.6001      22.5745      22.5194      22.5713      22.6710
      22.6471      22.5501      22.5949      22.6423      22.6051      22.5943
      22.5568      22.4991      22.5404      22.5853      22.6837      22.7202
      22.7242      22.7110      22.6724      22.5675      22.5488      22.5348
      22.5522      22.5945      22.5956      22.5592      22.6722      22.6732
      22.6724      22.5897      22.5587      22.5526      22.6493      22.6240
      22.6354      22.6671      22.5932      22.5303      22.6484      22.6116
      22.5805      22.5647      22.5888      22.5991      22.4999      22.5663
      22.6170      22.6727      22.6185      22.6022      22.5826      22.6161
      22.5752      22.5522      22.6317      22.5916      22.5479      22.4594
      22.4675      22.5265      22.6061      22.6296      22.5581      22.5465
      22.6219      22.6428      22.5727      22.5973      22.6447      22.5634
      22.5393      22.6390      22.6470      22.5916      22.5884      22.5820
      22.6251      22.6357      22.5436      22.4917      22.5205      22.5203
      22.5411      22.5454      22.6091      22.6110      22.5886      22.5270
      22.5681      22.5605      22.4577      22.5173      22.5802      22.6139
      22.6283      22.5276      22.5766      22.6083      22.6118      22.6618
      22.6108      22.5014      22.5381      22.5774      22.5843      22.5727
      22.5048      22.5399      22.5233      22.6027      22.6203      22.6171
      22.5526      22.5433      22.5086      22.5760      22.6505      22.6030
      22.5611      22.4615      22.4511      22.4539      22.6129      22.6335
      22.4909      22.5521      22.5914      22.5879      22.6321      22.6891
      22.6367      22.6196      22.6178      22.5772      22.6539      22.7048
      22.6413      22.6420      22.6407      22.4904      22.4433      22.5366
      22.5993      22.5642      22.5824      22.6282      22.5778      22.5574
      22.5442      22.5830      22.5887      22.5919      22.6153      22.6105
      22.6437      22.6143      22.5323      22.6287      22.6952      22.6073
      22.5980      22.6252      22.6638      22.6144      22.5209      22.5430
      22.5436      22.5198      22.5094      22.5562      22.6434      22.5934
      22.5296      22.5910      22.5358      22.5923      22.5368      22.4879
      22.5132      22.5337      22.5912      22.5153      22.5475      22.5379
      22.5978      22.6399      22.5750      22.5470      22.5430      22.5426
      22.6043      22.5089      22.4999      22.5132      22.5923      22.5667
      22.5791      22.5191      22.4461      22.5384      22.5701      22.6002
      22.5405      22.5741      22.5891      22.5231      22.5355      22.5298
      22.5814      22.5527      22.5804      22.6356      22.6255      22.6066
      22.5627      22.5708      22.5637      22.5209      22.5396      22.5717
      22.5704      22.5169      22.5680      22.5653      22.5585      22.5843
      22.6398      22.6032      22.6205      22.5970      22.5731      22.6178
      22.5757      22.5693      22.6354      22.5623      22.5131      22.5130
      22.5693      22.6225      22.6429      22.6409      22.6423      22.6347
      22.6646      22.6222      22.5262      22.5429      22.4990      22.5126
      22.5462      22.6146      22.5759      22.5912      22.5712      22.5866
      22.5771      22.6004      22.5627      22.5876      22.5377      22.5345
      22.5438      22.5138      0.00000      0.00000      0.00000      0.00000
      0.00000      0.00000      0.00000      0.00000      0.00000      0.00000
      0.00000      0.00000      0.00000      0.00000      0.00000      0.00000
      0.00000      0.00000      0.00000      0.00000      0.00000      0.00000
      0.00000      0.00000      0.00000      0.00000      0.00000      0.00000
      0.00000      0.00000      0.00000      0.00000      0.00000      0.00000
      0.00000      0.00000      0.00000      0.00000      0.00000      0.00000
      0.00000      0.00000      0.00000      0.00000      0.00000      0.00000
      0.00000      0.00000      0.00000      0.00000      0.00000      0.00000
      0.00000      0.00000      0.00000      0.00000      0.00000      0.00000
      0.00000      0.00000      0.00000      0.00000      0.00000      0.00000
      0.00000      0.00000      0.00000      0.00000      0.00000      0.00000
      0.00000      0.00000      0.00000      0.00000      0.00000      0.00000
      0.00000      0.00000      0.00000      0.00000      0.00000      0.00000
      0.00000      0.00000      0.00000      0.00000      0.00000      0.00000
      0.00000      0.00000      0.00000      0.00000      0.00000      0.00000
      0.00000      0.00000      0.00000      0.00000      0.00000      0.00000
      0.00000      0.00000      0.00000      0.00000      0.00000      0.00000
      0.00000      0.00000      0.00000      0.00000      0.00000      0.00000
      0.00000      0.00000      0.00000      0.00000      0.00000      0.00000
      0.00000      0.00000      0.00000      0.00000      0.00000      0.00000
      0.00000      0.00000      0.00000      0.00000      0.00000      0.00000
      0.00000      0.00000      0.00000      0.00000      0.00000      0.00000
      0.00000      0.00000      0.00000      0.00000      0.00000      0.00000
      0.00000      0.00000      0.00000      0.00000      0.00000      0.00000
      0.00000      0.00000      0.00000      0.00000      0.00000      0.00000
      0.00000      0.00000      0.00000      0.00000      0.00000      0.00000
      0.00000      0.00000      0.00000      0.00000      0.00000      0.00000
      0.00000      0.00000      0.00000      0.00000      0.00000      0.00000
      0.00000      0.00000      0.00000      0.00000      0.00000      0.00000
      0.00000      0.00000      0.00000      0.00000      0.00000      0.00000
      0.00000      0.00000      0.00000      0.00000      0.00000      0.00000
      0.00000      0.00000      0.00000      0.00000      0.00000      0.00000
      0.00000      0.00000      0.00000      0.00000      0.00000      0.00000
      0.00000      0.00000      0.00000      0.00000      0.00000      0.00000
      0.00000      0.00000      0.00000      0.00000      0.00000      0.00000
      0.00000      0.00000      0.00000      0.00000      0.00000      0.00000
      0.00000      0.00000      0.00000      0.00000      0.00000      0.00000
      0.00000      0.00000      0.00000      0.00000      0.00000      0.00000
      0.00000      0.00000      0.00000      0.00000      0.00000      0.00000
      0.00000      0.00000      0.00000      0.00000      0.00000      0.00000
      0.00000      0.00000      0.00000      0.00000      0.00000      0.00000
      0.00000      0.00000      0.00000      0.00000      0.00000      0.00000
      0.00000      0.00000      0.00000      0.00000      0.00000      0.00000
      0.00000      0.00000      0.00000      0.00000      0.00000      0.00000
      0.00000      0.00000      0.00000      0.00000      0.00000      0.00000
      0.00000      0.00000      0.00000      0.00000      0.00000      0.00000
      0.00000      0.00000      0.00000      0.00000      0.00000      0.00000
      0.00000      0.00000      0.00000      0.00000      0.00000      0.00000
      0.00000      0.00000      0.00000      0.00000      0.00000      0.00000
      0.00000      0.00000      0.00000      0.00000      0.00000      0.00000
      0.00000      0.00000      0.00000      0.00000      0.00000      0.00000
      0.00000      0.00000      0.00000      0.00000      0.00000      0.00000
      0.00000      0.00000      0.00000      0.00000      0.00000      0.00000
      0.00000      0.00000      0.00000      0.00000      0.00000      0.00000
      0.00000      0.00000      0.00000      0.00000      0.00000      0.00000
      0.00000      0.00000      0.00000      0.00000      0.00000      0.00000
      0.00000      0.00000      0.00000      0.00000      0.00000      0.00000
      0.00000      0.00000      0.00000      0.00000      0.00000      0.00000
      0.00000      0.00000      0.00000      0.00000      0.00000      0.00000
      0.00000      0.00000      0.00000      0.00000      0.00000      0.00000
      0.00000      0.00000      0.00000      0.00000      0.00000      0.00000
      0.00000      0.00000      0.00000      0.00000      0.00000      0.00000
      0.00000      0.00000      0.00000      0.00000      0.00000      0.00000
      0.00000      0.00000      0.00000      0.00000      0.00000      0.00000
      0.00000      0.00000      0.00000      0.00000      0.00000      0.00000
      0.00000      0.00000      0.00000      0.00000      0.00000      0.00000
      0.00000      0.00000      0.00000      0.00000      0.00000      0.00000
      0.00000      0.00000      0.00000      0.00000      0.00000      0.00000
      0.00000      0.00000      0.00000      0.00000      0.00000      0.00000
      0.00000      0.00000      0.00000      0.00000      0.00000      0.00000
      0.00000      0.00000      0.00000      0.00000      0.00000      0.00000
      0.00000      0.00000      0.00000      0.00000      0.00000      0.00000
      0.00000      0.00000      0.00000      0.00000      0.00000      0.00000
      0.00000      0.00000      0.00000      0.00000      0.00000      0.00000
      0.00000      0.00000      0.00000      0.00000      0.00000      0.00000
      0.00000      0.00000      0.00000      0.00000      0.00000      0.00000
      0.00000      0.00000      0.00000      0.00000      0.00000      0.00000
      0.00000      0.00000      0.00000      0.00000      0.00000      0.00000
      0.00000      0.00000      0.00000      0.00000      0.00000      0.00000
      0.00000      0.00000      0.00000      0.00000      0.00000      0.00000
      0.00000      0.00000      0.00000      0.00000      0.00000      0.00000
      0.00000      0.00000      0.00000      0.00000      0.00000      0.00000
      0.00000      0.00000      0.00000      0.00000      0.00000      0.00000
      0.00000      0.00000      0.00000      0.00000      0.00000      0.00000
      0.00000      0.00000      0.00000      0.00000      0.00000      0.00000
      0.00000      0.00000      0.00000      0.00000      0.00000      0.00000
      0.00000      0.00000      0.00000      0.00000      0.00000      0.00000
      0.00000      0.00000      0.00000      0.00000      0.00000      0.00000
      0.00000      0.00000      0.00000      0.00000      0.00000      0.00000
      0.00000      0.00000      0.00000      0.00000      0.00000      0.00000
      0.00000      0.00000      0.00000      0.00000      0.00000      0.00000
      0.00000      0.00000      0.00000      0.00000      0.00000      0.00000
      0.00000      0.00000      0.00000      0.00000      0.00000      0.00000
      0.00000      0.00000      0.00000      0.00000      0.00000      0.00000
      0.00000      0.00000      0.00000      0.00000      0.00000      0.00000
      0.00000      0.00000      0.00000      0.00000      0.00000      0.00000
      0.00000      0.00000      0.00000      0.00000      0.00000      0.00000
      0.00000      0.00000      0.00000      0.00000      0.00000      0.00000
      0.00000      0.00000      0.00000      0.00000      0.00000      0.00000
      0.00000      0.00000      0.00000      0.00000      0.00000      0.00000
      0.00000      0.00000      0.00000      0.00000      0.00000      0.00000
      0.00000      0.00000      0.00000      0.00000      0.00000      0.00000
      0.00000      0.00000      0.00000      0.00000      0.00000      0.00000
      0.00000      0.00000      0.00000      0.00000      0.00000      0.00000
      0.00000      0.00000      0.00000      0.00000      0.00000      0.00000
      0.00000      0.00000      0.00000      0.00000      0.00000      0.00000
      0.00000      0.00000      0.00000      0.00000      0.00000      0.00000
      0.00000      0.00000      0.00000      0.00000      0.00000      0.00000
      0.00000      0.00000      0.00000      0.00000      0.00000      0.00000
      0.00000      0.00000      0.00000      0.00000      0.00000      0.00000
      0.00000      0.00000      0.00000      0.00000      0.00000      0.00000
      0.00000      0.00000      0.00000      0.00000      0.00000      0.00000
      0.00000      0.00000      0.00000      0.00000      0.00000      0.00000
      0.00000      0.00000      0.00000      0.00000      0.00000      0.00000
      0.00000      0.00000      0.00000      0.00000      0.00000      0.00000
      0.00000      0.00000      0.00000      0.00000      0.00000      0.00000
      0.00000      0.00000      0.00000      0.00000      0.00000      0.00000
      0.00000      0.00000      0.00000      0.00000      0.00000      0.00000
      0.00000      0.00000      0.00000      0.00000      0.00000      0.00000
      0.00000      0.00000      0.00000      0.00000      0.00000      0.00000
      0.00000      0.00000      0.00000      0.00000      0.00000      0.00000
      0.00000      0.00000      0.00000      0.00000      0.00000      0.00000
      0.00000      0.00000      0.00000      0.00000      0.00000      0.00000
      0.00000      0.00000      0.00000      0.00000      0.00000      0.00000
      0.00000      0.00000      0.00000      0.00000      0.00000      0.00000
      0.00000      0.00000      0.00000      0.00000      0.00000      0.00000
      0.00000      0.00000      0.00000      0.00000      0.00000      0.00000
      0.00000      0.00000      0.00000      0.00000      0.00000      0.00000
      0.00000      0.00000      0.00000      0.00000      0.00000      0.00000
      0.00000      0.00000      0.00000      0.00000      0.00000      0.00000
      0.00000      0.00000      0.00000      0.00000      0.00000      0.00000
      0.00000      0.00000      0.00000      0.00000      0.00000      0.00000
      0.00000      0.00000      0.00000      0.00000      0.00000      0.00000
      0.00000      0.00000      0.00000      0.00000      0.00000      0.00000
      0.00000      0.00000      0.00000      0.00000      0.00000      0.00000
      0.00000      0.00000      0.00000      0.00000      0.00000      0.00000
      0.00000      0.00000      0.00000      0.00000      0.00000      0.00000
      0.00000      0.00000      0.00000      0.00000      0.00000      0.00000
      0.00000      0.00000      0.00000      0.00000      0.00000      0.00000
      0.00000      0.00000      0.00000      0.00000      0.00000      0.00000
      0.00000      0.00000      0.00000      0.00000      0.00000      0.00000
      0.00000      0.00000      0.00000      0.00000      0.00000      0.00000
      0.00000      0.00000      0.00000      0.00000      0.00000      0.00000
      0.00000      0.00000      0.00000      0.00000      0.00000      0.00000
      0.00000      0.00000      0.00000      0.00000      0.00000      0.00000
      0.00000      0.00000      0.00000      0.00000      0.00000      0.00000
      0.00000      0.00000      0.00000      0.00000      0.00000      0.00000
      0.00000      0.00000      0.00000      0.00000      0.00000      0.00000
      0.00000      0.00000      0.00000      0.00000      0.00000      0.00000
      0.00000      0.00000      0.00000      0.00000      0.00000      0.00000
      0.00000      0.00000      0.00000      0.00000      0.00000      0.00000
      0.00000      0.00000      0.00000      0.00000      0.00000      0.00000
      0.00000      0.00000      0.00000      0.00000      0.00000      0.00000
      0.00000      0.00000      0.00000      0.00000      0.00000      0.00000
      0.00000      0.00000      0.00000      0.00000      0.00000      0.00000
      0.00000      0.00000      0.00000      0.00000      0.00000      0.00000
      0.00000      0.00000      0.00000      0.00000      0.00000      0.00000
      0.00000      0.00000      0.00000      0.00000      0.00000      0.00000
      0.00000      0.00000      0.00000      0.00000      0.00000      0.00000
      0.00000      0.00000      0.00000      0.00000      0.00000      0.00000
      0.00000      0.00000      0.00000      0.00000      0.00000      0.00000
      0.00000      0.00000      0.00000      0.00000      0.00000      0.00000
      0.00000      0.00000      0.00000      0.00000      0.00000      0.00000
      0.00000      0.00000      0.00000      0.00000      0.00000      0.00000
      0.00000      0.00000      0.00000      0.00000      0.00000      0.00000
      0.00000      0.00000      0.00000      0.00000      0.00000      0.00000
