    2000
      4.95366      4.95009      4.94801      4.94613      4.94420      4.94488
      4.94529      4.94620      4.94775      4.94960      4.95232      4.95436
      4.95464      4.95338      4.95209      4.95073      4.94951      4.94791
      4.94630      4.94581      4.94584      4.94595      4.94544      4.94436
      4.94259      4.94064      4.93946      4.93878      4.93830      4.93797
      4.93756      4.93761      4.93734      4.93690      4.93660      4.93660
      4.93652      4.93639      4.93582      4.93576      4.93569      4.93616
      4.93623      4.93665      4.93678      4.93704      4.93686      4.93644
      4.93620      4.93574      4.93611      4.93652      4.93672      4.93719
      4.93734      4.93726      4.93714      4.93741      4.93756      4.93805
      4.93837      4.93897      4.93922      4.93970      4.94005      4.94095
      4.94127      4.94193      4.94236      4.94284      4.94334      4.94404
      4.94451      4.94485      4.94466      4.94471      4.94460      4.94474
      4.94490      4.94496      4.94451      4.94497      4.94549      4.94641
      4.94727      4.94775      4.94860      4.94919      4.95026      4.95162
      4.95309      4.95383      4.95485      4.95580      4.95684      4.95753
      4.95840      4.95893      4.95935      4.95970      4.96043      4.96141
      4.96253      4.96389      4.96481      4.96576      4.96619      4.96685
      4.96691      4.96655      4.96688      4.96764      4.96806      4.96877
      4.96961      4.97062      4.97129      4.97182      4.97250      4.97325
      4.97411      4.97484      4.97541      4.97645      4.97811      4.97989
      4.98086      4.98202      4.98330      4.98419      4.98528      4.98630
      4.98750      4.98872      4.98966      4.98993      4.99041      4.99116
      4.99176      4.99255      4.99331      4.99399      4.99495      4.99623
      4.99736      4.99813      4.99905      4.99981      5.00100      5.00144
      5.00234      5.00319      5.00447      5.00575      5.00641      5.00715
      5.00810      5.00900      5.01028      5.01086      5.01176      5.01221
      5.01311      5.01425      5.01514      5.01650      5.01809      5.01936
      5.01946      5.01969      5.02037      5.02109      5.02233      5.02400
      5.02493      5.02575      5.02697      5.02811      5.02969      5.03149
      5.03262      5.03353      5.03445      5.03584      5.03681      5.03761
      5.03782      5.03809      5.03850      5.03939      5.04072      5.04184
      5.04301      5.04398      5.04477      5.04552      5.04624      5.04663
      5.04741      5.04808      5.04896      5.05029      5.05151      5.05287
      5.05391      5.05520      5.05646      5.05718      5.05777      5.05863
      5.05952      5.06059      5.06181      5.06254      5.06374      5.06449
      5.06522      5.06644      5.06722      5.06810      5.06869      5.06926
      5.07032      5.07144      5.07254      5.07354      5.07492      5.07645
      5.07794      5.07875      5.07980      5.08121      5.08251      5.08375
      5.08522      5.08642      5.08762      5.08829      5.08971      5.09092
      5.09179      5.09268      5.09333      5.09404      5.09469      5.09575
      5.09730      5.09862      5.10007      5.10158      5.10220      5.10326
      5.10405      5.10474      5.10581      5.10749      5.10848      5.10923
      5.11011      5.11145      5.11293      5.11407      5.11485      5.11563
      5.11606      5.11677      5.11786      5.11877      5.12009      5.12213
      5.12350      5.12494      5.12602      5.12701      5.12870      5.13040
      5.13195      5.13342      5.13487      5.13615      5.13705      5.13781
      5.13866      5.14010      5.14210      5.14375      5.14552      5.14755
      5.14954      5.15123      5.15304      5.15458      5.15614      5.15784
      5.15902      5.16117      5.16274      5.16401      5.16542      5.16694
      5.16783      5.16893      5.17032      5.17185      5.17330      5.17423
      5.17541      5.17647      5.17702      5.17814      5.17970      5.18093
      5.18229      5.18370      5.18515      5.18628      5.18767      5.18927
      5.19110      5.19240      5.19380      5.19499      5.19631      5.19788
      5.19900      5.19989      5.20120      5.20274      5.20368      5.20516
      5.20618      5.20703      5.20756      5.20816      5.20888      5.20992
      5.21124      5.21284      5.21423      5.21541      5.21688      5.21807
      5.21923      5.22037      5.22173      5.22282      5.22401      5.22521
      5.22654      5.22790      5.22948      5.23099      5.23222      5.23338
      5.23452      5.23566      5.23678      5.23854      5.24016      5.24184
      5.24312      5.24454      5.24586      5.24741      5.24859      5.25011
      5.25147      5.25271      5.25399      5.25479      5.25563      5.25691
      5.25775      5.25836      5.25931      5.26086      5.26213      5.26349
      5.26427      5.26566      5.26713      5.26845      5.27009      5.27187
      5.27322      5.27447      5.27547      5.27624      5.27694      5.27794
      5.27944      5.28127      5.28251      5.28397      5.28531      5.28700
      5.28886      5.29057      5.29209      5.29319      5.29483      5.29644
      5.29745      5.29844      5.29979      5.30110      5.30214      5.30331
      5.30522      5.30691      5.30860      5.31018      5.31139      5.31207
      5.31357      5.31502      5.31596      5.31731      5.31850      5.31996
      5.32121      5.32277      5.32426      5.32523      5.32627      5.32731
      5.32841      5.32985      5.33141      5.33253      5.33303      5.33371
      5.33438      5.33499      5.33565      5.33629      5.33646      5.33715
      5.33839      5.33907      5.33995      5.34050      5.34124      5.34172
      5.34258      5.34371      5.34450      5.34568      5.34716      5.34839
      5.34965      5.35063      5.35141      5.35283      5.35407      5.35535
      5.35656      5.35737      5.35791      5.35892      5.36040      5.36143
      5.36252      5.36425      5.36525      5.36583      5.36628      5.36733
      5.36825      5.36872      5.36977      5.37114      5.37279      5.37420
      5.37526      5.37619      5.37704      5.37768      5.37886      5.38006
      5.38101      5.38206      5.38339      5.38499      5.38570      5.38650
      5.38712      5.38787      5.38855      5.38881      5.38952      5.39058
      5.39223      5.39400      5.39562      5.39661      5.39713      5.39849
      5.39978      5.40119      5.40225      5.40321      5.40442      5.40595
      5.40676      5.40825      5.40984      5.41137      5.41283      5.41414
      5.41489      5.41570      5.41667      5.41750      5.41872      5.42042
      5.42170      5.42281      5.42383      5.42458      5.42567      5.42626
      5.42718      5.42845      5.42980      5.43088      5.43191      5.43358
      5.43493      5.43615      5.43714      5.43815      5.43878      5.43900
      5.43959      5.44072      5.44190      5.44246      5.44321      5.44408
      5.44549      5.44653      5.44732      5.44824      5.44933      5.45065
      5.45151      5.45202      5.45298      5.45364      5.45410      5.45491
      5.45622      5.45731      5.45838      5.45961      5.46067      5.46149
      5.46203      5.46292      5.46424      5.46526      5.46621      5.46718
      5.46782      5.46855      5.46946      5.47052      5.47178      5.47255
      5.47333      5.47416      5.47524      5.47615      5.47687      5.47741
      5.47809      5.47906      5.47978      5.48088      5.48175      5.48211
      5.48289      5.48303      5.48405      5.48524      5.48600      5.48716
      5.48765      5.48869      5.48969      5.49026      5.49090      5.49202
      5.49293      5.49415      5.49523      5.49624      5.49715      5.49775
      5.49811      5.49899      5.49994      5.50110      5.50245      5.50344
      5.50451      5.50579      5.50631      5.50663      5.50750      5.50862
      5.50979      5.51088      5.51232      5.51378      5.51470      5.51588
      5.51624      5.51740      5.51816      5.51920      5.52027      5.52135
      5.52227      5.52313      5.52404      5.52504      5.52584      5.52679
      5.52746      5.52800      5.52856      5.52933      5.53018      5.53095
      5.53145      5.53232      5.53350      5.53461      5.53573      5.53691
      5.53816      5.53929      5.54034      5.54153      5.54253      5.54328
      5.54415      5.54549      5.54688      5.54759      5.54844      5.54923
      5.55018      5.55091      5.55143      5.55229      5.55283      5.55280
      5.55336      5.55402      5.55482      5.55547      5.55623      5.55634
      5.55697      5.55796      5.55943      5.56021      5.56068      5.56167
      5.56301      5.56418      5.56501      5.56558      5.56650      5.56698
      5.56766      5.56869      5.56994      5.57054      5.57106      5.57200
      5.57224      5.57267      5.57308      5.57386      5.57484      5.57561
      5.57582      5.57622      5.57684      5.57734      5.57780      5.57850
      5.57982      5.58082      5.58197      5.58297      5.58369      5.58433
      5.58527      5.58593      5.58627      5.58700      5.58813      5.58912
      5.58978      5.59064      5.59178      5.59310      5.59415      5.59506
      5.59587      5.59694      5.59750      5.59824      5.59896      5.60018
      5.60088      5.60159      5.60258      5.60361      5.60463      5.60561
      5.60689      5.60806      5.60930      5.60990      5.61056      5.61127
      5.61242      5.61308      5.61346      5.61423      5.61520      5.61591
      5.61664      5.61774      5.61894      5.61953      5.62026      5.62097
      5.62179      5.62271      5.62338      5.62395      5.62472      5.62548
      5.62672      5.62762      5.62848      5.62961      5.63019      5.63131
      5.63195      5.63261      5.63400      5.63480      5.63494      5.63516
      5.63569      5.63646      5.63725      5.63774      5.63811      5.63882
      5.63948      5.64008      5.64073      5.64151      5.64254      5.64331
      5.64381      5.64433      5.64524      5.64602      5.64735      5.64820
      5.64907      5.64989      5.65085      5.65164      5.65254      5.65353
      5.65415      5.65482      5.65571      5.65651      5.65728      5.65840
      5.65962      5.66029      5.66119      5.66196      5.66287      5.66364
      5.66403      5.66438      5.66475      5.66551      5.66669      5.66768
      5.66870      5.66969      5.67025      5.67105      5.67209      5.67299
      5.67386      5.67466      5.67575      5.67687      5.67744      5.67840
      5.67971      5.68094      5.68155      5.68216      5.68286      5.68330
      5.68372      5.68479      5.68542      5.68620      5.68718      5.68809
      5.68928      5.69049      5.69145      5.69247      5.69341      5.69417
      5.69439      5.69481      5.69509      5.69558      5.69649      5.69715
      5.69771      5.69853      5.69951      5.69977      5.70013      5.70064
      5.70139      5.70190      5.70230      5.70262      5.70307      5.70370
      5.70441      5.70549      5.70621      5.70723      5.70801      5.70902
      5.71012      5.71066      5.71109      5.71180      5.71226      5.71320
      5.71429      5.71550      5.71650      5.71676      5.71693      5.71744
      5.71820      5.71916      5.72025      5.72096      5.72178      5.72261
      5.72323      5.72393      5.72496      5.72553      5.72634      5.72710
      5.72803      5.72886      5.72947      5.72986      5.73061      5.73190
      5.73247      5.73332      5.73427      5.73535      5.73559      5.73618
      5.73698      5.73755      5.73848      5.73955      5.74065      5.74101
      5.74150      5.74240      5.74305      5.74426      5.74505      5.74589
      5.74688      5.74762      5.74833      5.74895      5.74959      5.74971
      5.75011      5.75153      5.75247      5.75293      5.75352      5.75415
      5.75460      5.75487      5.75532      5.75605      5.75689      5.75772
      5.75884      5.75975      5.76085      5.76152      5.76180      5.76256
      5.76363      5.76454      5.76500      5.76553      5.76615      5.76674
      5.76708      5.76722      5.76796      5.76846      5.76864      5.76900
      5.76978      5.77065      5.77090      5.77147      5.77163      5.77198
      5.77246      5.77289      5.77332      5.77419      5.77468      5.77534
      5.77565      5.77647      5.77715      5.77764      5.77852      5.77951
      5.78087      5.78171      5.78273      5.78337      5.78400      5.78449
      5.78559      5.78697      5.78751      5.78828      5.78914      5.79033
      5.79130      5.79145      5.79208      5.79241      5.79301      5.79399
      5.79515      5.79602      5.79669      5.79709      5.79739      5.79750
      5.79754      5.79764      5.79760      5.79777      5.79802      5.79867
      5.79893      5.79889      5.79929      5.80030      5.80096      5.80173
      5.80259      5.80363      5.80429      5.80479      5.80593      5.80694
      5.80771      5.80817      5.80923      5.81007      5.81072      5.81137
      5.81205      5.81278      5.81368      5.81451      5.81522      5.81602
      5.81668      5.81714      5.81810      5.81914      5.81933      5.81911
      5.81975      5.82011      5.82079      5.82145      5.82181      5.82295
      5.82389      5.82486      5.82538      5.82557      5.82588      5.82600
      5.82633      5.82661      5.82620      5.82662      5.82754      5.82840
      5.82924      5.82968      5.83004      5.83053      5.83115      5.83176
      5.83218      5.83269      5.83395      5.83471      5.83481      5.83508
      5.83605      5.83697      5.83774      5.83817      5.83868      5.83951
      5.83975      5.83985      5.84056      5.84102      5.84113      5.84128
      5.84190      5.84253      5.84220      5.84275      5.84352      5.84357
      5.84408      5.84464      5.84517      5.84628      5.84661      5.84715
      5.84798      5.84892      5.84923      5.84949      5.84978      5.84986
      5.85026      5.85028      5.85025      5.85051      5.85073      5.85109
      5.85169      5.85217      5.85278      5.85326      5.85350      5.85393
      5.85411      5.85415      5.85548      5.85653      5.85772      5.85784
      5.85848      5.85985      5.86079      5.86117      5.86136      5.86183
      5.86270      5.86374      5.86483      5.86552      5.86637      5.86723
      5.86821      5.86885      5.86946      5.87012      5.87065      5.87162
      5.87198      5.87278      5.87347      5.87418      5.87480      5.87530
      5.87545      5.87571      5.87595      5.87629      5.87670      5.87731
      5.87854      5.87988      5.88107      5.88193      5.88250      5.88323
      5.88389      5.88440      5.88504      5.88538      5.88562      5.88583
      5.88639      5.88687      5.88710      5.88791      5.88917      5.89000
      5.89081      5.89141      5.89232      5.89245      5.89279      5.89287
      5.89308      5.89340      5.89390      5.89492      5.89571      5.89623
      5.89640      5.89691      5.89718      5.89821      5.89942      5.90059
      5.90140      5.90227      5.90315      5.90383      5.90478      5.90592
      5.90660      5.90717      5.90739      5.90801      5.90852      5.90893
      5.90952      5.90994      5.91030      5.91101      5.91147      5.91230
      5.91316      5.91389      5.91430      5.91519      5.91591      5.91684
      5.91765      5.91796      5.91878      5.91997      5.92048      5.92124
      5.92220      5.92278      5.92255      5.92291      5.92331      5.92388
      5.92456      5.92511      5.92559      5.92610      5.92612      5.92607
      5.92614      5.92638      5.92695      5.92751      5.92833      5.92963
      5.93090      5.93129      5.93135      5.93221      5.93288      5.93302
      5.93331      5.93412      5.93489      5.93570      5.93618      5.93689
      5.93790      5.93807      5.93852      5.93918      5.94008      5.94049
      5.94068      5.94070      5.94121      5.94209      5.94275      5.94343
      5.94393      5.94468      5.94553      5.94615      5.94625      5.94631
      5.94689      5.94758      5.94797      5.94842      5.94906      5.94984
      5.95018      5.95056      5.95120      5.95232      5.95318      5.95407
      5.95448      5.95560      5.95664      5.95752      5.95801      5.95844
      5.95932      5.96004      5.96097      5.96169      5.96174      5.96193
      5.96275      5.96345      5.96405      5.96435      5.96492      5.96555
      5.96664      5.96787      5.96908      5.96991      5.97051      5.97124
      5.97211      5.97232      5.97233      5.97297      5.97344      5.97421
      5.97516      5.97603      5.97704      5.97803      5.97869      5.97929
      5.97979      5.98011      5.98048      5.98100      5.98155      5.98185
      5.98252      5.98304      5.98378      5.98489      5.98577      5.98675
      5.98735      5.98832      5.98945      5.99031      5.99052      5.99086
      5.99128      5.99185      5.99291      5.99358      5.99380      5.99420
      5.99454      5.99484      5.99507      5.99525      5.99581      5.99662
      5.99786      5.99890      5.99939      5.99966      6.00026      6.00097
      6.00182      6.00264      6.00328      6.00386      6.00422      6.00415
      6.00463      6.00559      6.00643      6.00710      6.00752      6.00810
      6.00855      6.00906      6.00950      6.01027      6.01106      6.01176
      6.01192      6.01163      6.01203      6.01240      6.01284      6.01328
      6.01423      6.01488      6.01492      6.01536      6.01600      6.01692
      6.01753      6.01802      6.01859      6.01970      6.02075      6.02089
      6.02126      6.02201      6.02252      6.02326      6.02357      6.02414
      6.02405      6.02427      6.02539      6.02646      6.02706      6.02723
      6.02784      6.02829      6.02821      6.02822      6.02883      6.02962
      6.03083      6.03133      6.03190      6.03230      6.03253      6.03261
      6.03279      6.03316      6.03374      6.03444      6.03481      6.03550
      6.03624      6.03690      6.03739      6.03775      6.03820      6.03885
      6.03987      6.04020      6.04078      6.04143      6.04279      6.04384
      6.04447      6.04523      6.04558      6.04565      6.04544      6.04544
      6.04584      6.04675      6.04762      6.04843      6.04875      6.04904
      6.04916      6.04955      6.04985      6.05009      6.05069      6.05147
      6.05191      6.05228      6.05282      6.05322      6.05368      6.05413
      6.05483      6.05592      6.05637      6.05680      6.05758      6.05864
      6.05950      6.06014      6.06049      6.06063      6.06089      6.06063
      6.06093      6.06100      6.06156      6.06173      6.06184      6.06221
      6.06281      6.06342      6.06427      6.06524      6.06609      6.06649
      6.06723      6.06815      6.06934      6.07023      6.07106      6.07132
      6.07156      6.07233      6.07308      6.07341      6.07377      6.07438
      6.07449      6.07439      6.07488      6.07487      6.07490      6.07524
      6.07586      6.07655      6.07708      6.07735      6.07729      6.07769
      6.07830      6.07852      6.07881      6.07884      6.07918      6.07969
      6.08019      6.08073      6.08117      6.08194      6.08283      6.08321
      6.08294      6.08329      6.08358      6.08376      6.08393      6.08403
      6.08407      6.08408      6.08479      6.08511      6.08555      6.08600
      6.08631      6.08673      6.08693      6.08726      6.08768      6.08828
      6.08933      6.09005      6.09096      6.09143      6.09229      6.09295
      6.09365      6.09460      6.09520      6.09561      6.09596      6.09620
      6.09646      6.09712      6.09729      6.09728      6.09729      6.09717
      6.09775      6.09848      6.09877      6.09903      6.09911      6.09942
      6.09974      6.10035      6.10082      6.10130      6.10171      6.10171
      6.10218      6.10268      6.10332      6.10405      6.10512      6.10598
      6.10646      6.10712      6.10752      6.10809      6.10827      6.10860
      6.10876      6.10890      6.10903      6.10968      6.11023      6.11061
      6.11054      6.11103      6.11120      6.11175      6.11246      6.11334
      6.11411      6.11473      6.11512      6.11543      6.11571      6.11592
      6.11667      6.11768      6.11874      6.11949      6.12018      6.12104
      6.12190      6.12257      6.12275      6.12327      6.12392      6.12382
      6.12396      6.12402      6.12443      6.12476      6.12511      6.12561
      6.12600      6.12640      6.12716      6.12804      6.12811      6.12840
      6.12895      6.12943      6.13026      6.13065      6.13058      6.13017
      6.13018      6.13040      6.13050      6.13060      6.13060      6.13103
      6.13134      6.13156      6.13191      6.13197      6.13212      6.13255
      6.13271      6.13231      6.13241      6.13269      6.13358      6.13410
      6.13443      6.13478      6.13498      6.13584      6.13638      6.13718
      6.13809      6.13853      6.13885      6.13933      6.14020      6.14103
      6.14174      6.14230      6.14287      6.14295      6.14329      6.14364
      6.14384      6.14403      6.14479      6.14517      6.14547      6.14557
      6.14607      6.14621      6.14606      6.14620      6.14662      6.14671
      6.14674      6.14690      6.14725      6.14752      6.14752      6.14800
      6.14902      6.14921      6.14929      6.14956      6.15042      6.15166
      6.15224      6.15264      6.15303      6.15352      6.15371      6.15380
      6.15393      6.15405      6.15429      6.15503      6.15594      6.15694
      6.15739      6.15754      6.15784      6.15855      6.15914      6.15975
      6.15997      6.16019      6.16074      6.16146      6.16201      6.16264
      6.16306      6.16348      6.16397      6.16445      6.16463      6.16505
      6.16553      6.16607      6.16695      6.16766      6.16802      6.16831
      6.16866      6.16906      6.16958      6.16998      6.17015      6.17060
      6.17120      6.17117      6.17098      6.17100      6.17101      6.17108
      6.17133      6.17120      6.17125      6.17122      6.17153      6.17136
      6.17170      6.17206      6.17243      6.17269      6.17323      6.17358
      6.17422      6.17477      6.17505      6.17515      6.17569      6.17642
      6.17706      6.17800      6.17933      6.18038      6.18124      6.18176
      6.18259      6.18319      6.18355      6.18405      6.18460      6.18488
      6.18565      6.18649      6.18698      6.18713      6.18762      6.18769
      6.18825      6.18933      6.18999      6.19071      6.19176      6.19289
      6.19346      6.19389      6.19454      6.19534      6.19581      6.19617
      6.19670      6.19719      6.19793      6.19800      6.19810      6.19825
      6.19846      6.19901      6.19979      6.20043      6.20115      6.20177
      6.20238      6.20276      6.20330      6.20428      6.20485      6.20549
      6.20618      6.20664      6.20711      6.20702      6.20696      6.20665
      6.20674      6.20692      6.20726      6.20755      6.20783      6.20819
      6.20912      6.20985      6.21054      6.21130      6.21226      6.21289
      6.21335      6.21358      6.21435      6.21501      6.21533      6.21519
      6.21546      6.21590      6.21578      6.21614      6.21655      6.21725
      6.21806      6.21895      6.21965      6.21989      6.21997      6.22045
      6.22089      6.22123      6.22173      6.22284      6.22391      6.22478
      6.22567      6.22594      6.22636      6.22647      6.22684      6.22762
      6.22833      6.22927      6.22966      6.22995      6.23032      6.23083
      6.23130      6.23189      6.23220      6.23239      6.23282      6.23278
      6.23284      6.23287      6.23338      6.23393      6.23440      6.23436
      6.23455      6.23536      6.23647      6.23653      6.23688      6.23736
      6.23751      6.23749      6.23789      6.23854      6.23902      6.23953
      6.24014      6.24063      6.24088      6.24089      6.24115      6.24153
      6.24195      6.24226      6.24306      6.24394      6.24469      6.24519
      6.24532      6.24576      6.24620      6.24670      6.24673      6.24702
      6.24756      6.24803      6.24856      6.24915      6.24980      6.25046
      6.25107      6.25159      6.25183      6.25219      6.25256      6.25253
      6.25305      6.25428      6.25527      6.25656      6.25737      6.25734
      6.25772      6.25801      6.25796      6.25849      6.25906      6.25924
      6.25925      6.25968      6.26057      6.26160      6.26272      6.26339
      6.26355      6.26418      6.26468      6.26581      6.26697      6.26725
      6.26754      6.26840      6.26908      6.26972      6.27020      6.27083
      6.27114      6.27141      6.27160      6.27200      6.27253      6.27291
      6.27331      6.27387      6.27397      6.27414      6.27469      6.27537
      6.27581      6.27637      6.27671      6.27705      6.27754      6.27816
      6.27856      6.27893      6.27906      6.27942      6.27998      6.28036
      6.28033      6.28080      6.28140      6.28216      6.28308      6.28394
      6.28476      6.28548      6.28576      6.28607      6.28663      6.28704
      6.28762      6.28880      6.28986      6.29068      6.29086      6.29102
      6.29114      6.29151      6.29204      6.29248      6.29295      6.29302
      6.29360      6.29424      6.29502      6.29614      6.29677      6.29741
      6.29828      6.29863      6.29925      6.30007      6.30072      6.30106
      6.30165      6.30268      6.30347      6.30367      6.30386      6.30431
      6.30508      6.30521      6.30545      6.30573      6.30619      6.30659
      6.30687      6.30708      6.30753      6.30834      6.30868      6.30864
      6.30849      6.30927      6.30938      6.31016      6.31124      6.31204
      6.31264      6.31313      6.31385      6.31442      6.31452      6.31481
      6.31519      6.31554      0.00000      0.00000      0.00000      0.00000
      0.00000      0.00000      0.00000      0.00000      0.00000      0.00000
      0.00000      0.00000      0.00000      0.00000      0.00000      0.00000
      0.00000      0.00000      0.00000      0.00000      0.00000      0.00000
      0.00000      0.00000      0.00000      0.00000      0.00000      0.00000
      0.00000      0.00000      0.00000      0.00000      0.00000      0.00000
      0.00000      0.00000      0.00000      0.00000      0.00000      0.00000
      0.00000      0.00000      0.00000      0.00000      0.00000      0.00000
      0.00000      0.00000      0.00000      0.00000      0.00000      0.00000
      0.00000      0.00000      0.00000      0.00000      0.00000      0.00000
      0.00000      0.00000      0.00000      0.00000      0.00000      0.00000
      0.00000      0.00000      0.00000      0.00000      0.00000      0.00000
      0.00000      0.00000      0.00000      0.00000      0.00000      0.00000
      0.00000      0.00000      0.00000      0.00000      0.00000      0.00000
      0.00000      0.00000      0.00000      0.00000      0.00000      0.00000
      0.00000      0.00000      0.00000      0.00000      0.00000      0.00000
      0.00000      0.00000      0.00000      0.00000      0.00000      0.00000
      0.00000      0.00000      0.00000      0.00000      0.00000      0.00000
      0.00000      0.00000      0.00000      0.00000      0.00000      0.00000
      0.00000      0.00000      0.00000      0.00000      0.00000      0.00000
      0.00000      0.00000      0.00000      0.00000      0.00000      0.00000
      0.00000      0.00000      0.00000      0.00000      0.00000      0.00000
      0.00000      0.00000      0.00000      0.00000      0.00000      0.00000
      0.00000      0.00000      0.00000      0.00000      0.00000      0.00000
      0.00000      0.00000      0.00000      0.00000      0.00000      0.00000
      0.00000      0.00000      0.00000      0.00000      0.00000      0.00000
      0.00000      0.00000      0.00000      0.00000      0.00000      0.00000
      0.00000      0.00000      0.00000      0.00000      0.00000      0.00000
      0.00000      0.00000      0.00000      0.00000      0.00000      0.00000
      0.00000      0.00000      0.00000      0.00000      0.00000      0.00000
      0.00000      0.00000      0.00000      0.00000      0.00000      0.00000
      0.00000      0.00000      0.00000      0.00000      0.00000      0.00000
      0.00000      0.00000      0.00000      0.00000      0.00000      0.00000
      0.00000      0.00000      0.00000      0.00000      0.00000      0.00000
      0.00000      0.00000      0.00000      0.00000      0.00000      0.00000
      0.00000      0.00000      0.00000      0.00000      0.00000      0.00000
      0.00000      0.00000      0.00000      0.00000      0.00000      0.00000
      0.00000      0.00000      0.00000      0.00000      0.00000      0.00000
      0.00000      0.00000      0.00000      0.00000      0.00000      0.00000
      0.00000      0.00000      0.00000      0.00000      0.00000      0.00000
      0.00000      0.00000      0.00000      0.00000      0.00000      0.00000
      0.00000      0.00000      0.00000      0.00000      0.00000      0.00000
      0.00000      0.00000      0.00000      0.00000      0.00000      0.00000
      0.00000      0.00000      0.00000      0.00000      0.00000      0.00000
      0.00000      0.00000      0.00000      0.00000      0.00000      0.00000
      0.00000      0.00000      0.00000      0.00000      0.00000      0.00000
      0.00000      0.00000      0.00000      0.00000      0.00000      0.00000
      0.00000      0.00000      0.00000      0.00000      0.00000      0.00000
      0.00000      0.00000      0.00000      0.00000      0.00000      0.00000
      0.00000      0.00000      0.00000      0.00000      0.00000      0.00000
      0.00000      0.00000      0.00000      0.00000      0.00000      0.00000
      0.00000      0.00000      0.00000      0.00000      0.00000      0.00000
      0.00000      0.00000      0.00000      0.00000      0.00000      0.00000
      0.00000      0.00000      0.00000      0.00000      0.00000      0.00000
      0.00000      0.00000      0.00000      0.00000      0.00000      0.00000
      0.00000      0.00000      0.00000      0.00000      0.00000      0.00000
      0.00000      0.00000      0.00000      0.00000      0.00000      0.00000
      0.00000      0.00000      0.00000      0.00000      0.00000      0.00000
      0.00000      0.00000      0.00000      0.00000      0.00000      0.00000
      0.00000      0.00000      0.00000      0.00000      0.00000      0.00000
      0.00000      0.00000      0.00000      0.00000      0.00000      0.00000
      0.00000      0.00000      0.00000      0.00000      0.00000      0.00000
      0.00000      0.00000      0.00000      0.00000      0.00000      0.00000
      0.00000      0.00000      0.00000      0.00000      0.00000      0.00000
      0.00000      0.00000      0.00000      0.00000      0.00000      0.00000
      0.00000      0.00000      0.00000      0.00000      0.00000      0.00000
      0.00000      0.00000      0.00000      0.00000      0.00000      0.00000
      0.00000      0.00000      0.00000      0.00000      0.00000      0.00000
      0.00000      0.00000      0.00000      0.00000      0.00000      0.00000
      0.00000      0.00000      0.00000      0.00000      0.00000      0.00000
      0.00000      0.00000      0.00000      0.00000      0.00000      0.00000
      0.00000      0.00000      0.00000      0.00000      0.00000      0.00000
      0.00000      0.00000      0.00000      0.00000      0.00000      0.00000
      0.00000      0.00000      0.00000      0.00000      0.00000      0.00000
      0.00000      0.00000      0.00000      0.00000      0.00000      0.00000
      0.00000      0.00000      0.00000      0.00000      0.00000      0.00000
      0.00000      0.00000      0.00000      0.00000      0.00000      0.00000
      0.00000      0.00000      0.00000      0.00000      0.00000      0.00000
      0.00000      0.00000      0.00000      0.00000      0.00000      0.00000
      0.00000      0.00000      0.00000      0.00000      0.00000      0.00000
      0.00000      0.00000      0.00000      0.00000      0.00000      0.00000
      0.00000      0.00000      0.00000      0.00000      0.00000      0.00000
      0.00000      0.00000      0.00000      0.00000      0.00000      0.00000
      0.00000      0.00000      0.00000      0.00000      0.00000      0.00000
      0.00000      0.00000      0.00000      0.00000      0.00000      0.00000
      0.00000      0.00000      0.00000      0.00000      0.00000      0.00000
      0.00000      0.00000      0.00000      0.00000      0.00000      0.00000
      0.00000      0.00000      0.00000      0.00000      0.00000      0.00000
      0.00000      0.00000      0.00000      0.00000      0.00000      0.00000
      0.00000      0.00000      0.00000      0.00000      0.00000      0.00000
      0.00000      0.00000      0.00000      0.00000      0.00000      0.00000
      0.00000      0.00000      0.00000      0.00000      0.00000      0.00000
      0.00000      0.00000      0.00000      0.00000      0.00000      0.00000
      0.00000      0.00000      0.00000      0.00000      0.00000      0.00000
      0.00000      0.00000      0.00000      0.00000      0.00000      0.00000
      0.00000      0.00000      0.00000      0.00000      0.00000      0.00000
      0.00000      0.00000      0.00000      0.00000      0.00000      0.00000
      0.00000      0.00000      0.00000      0.00000      0.00000      0.00000
      0.00000      0.00000      0.00000      0.00000      0.00000      0.00000
      0.00000      0.00000      0.00000      0.00000      0.00000      0.00000
      0.00000      0.00000      0.00000      0.00000      0.00000      0.00000
      0.00000      0.00000      0.00000      0.00000      0.00000      0.00000
      0.00000      0.00000      0.00000      0.00000      0.00000      0.00000
      0.00000      0.00000      0.00000      0.00000      0.00000      0.00000
      0.00000      0.00000      0.00000      0.00000      0.00000      0.00000
      0.00000      0.00000      0.00000      0.00000      0.00000      0.00000
      0.00000      0.00000      0.00000      0.00000      0.00000      0.00000
      0.00000      0.00000      0.00000      0.00000      0.00000      0.00000
      0.00000      0.00000      0.00000      0.00000      0.00000      0.00000
      0.00000      0.00000      0.00000      0.00000      0.00000      0.00000
      0.00000      0.00000      0.00000      0.00000      0.00000      0.00000
      0.00000      0.00000      0.00000      0.00000      0.00000      0.00000
      0.00000      0.00000      0.00000      0.00000      0.00000      0.00000
      0.00000      0.00000      0.00000      0.00000      0.00000      0.00000
      0.00000      0.00000      0.00000      0.00000      0.00000      0.00000
      0.00000      0.00000      0.00000      0.00000      0.00000      0.00000
      0.00000      0.00000      0.00000      0.00000      0.00000      0.00000
      0.00000      0.00000      0.00000      0.00000      0.00000      0.00000
      0.00000      0.00000      0.00000      0.00000      0.00000      0.00000
      0.00000      0.00000      0.00000      0.00000      0.00000      0.00000
      0.00000      0.00000      0.00000      0.00000      0.00000      0.00000
      0.00000      0.00000      0.00000      0.00000      0.00000      0.00000
      0.00000      0.00000      0.00000      0.00000      0.00000      0.00000
      0.00000      0.00000      0.00000      0.00000      0.00000      0.00000
      0.00000      0.00000      0.00000      0.00000      0.00000      0.00000
      0.00000      0.00000      0.00000      0.00000      0.00000      0.00000
      0.00000      0.00000      0.00000      0.00000      0.00000      0.00000
      0.00000      0.00000      0.00000      0.00000      0.00000      0.00000
      0.00000      0.00000      0.00000      0.00000      0.00000      0.00000
      0.00000      0.00000      0.00000      0.00000      0.00000      0.00000
      0.00000      0.00000      0.00000      0.00000      0.00000      0.00000
      0.00000      0.00000      0.00000      0.00000      0.00000      0.00000
      0.00000      0.00000      0.00000      0.00000      0.00000      0.00000
      0.00000      0.00000      0.00000      0.00000      0.00000      0.00000
      0.00000      0.00000      0.00000      0.00000      0.00000      0.00000
      0.00000      0.00000      0.00000      0.00000      0.00000      0.00000
      0.00000      0.00000      0.00000      0.00000      0.00000      0.00000
      0.00000      0.00000      0.00000      0.00000      0.00000      0.00000
      0.00000      0.00000      0.00000      0.00000      0.00000      0.00000
      0.00000      0.00000      0.00000      0.00000      0.00000      0.00000
      0.00000      0.00000      0.00000      0.00000      0.00000      0.00000
      0.00000      0.00000      0.00000      0.00000      0.00000      0.00000
      0.00000      0.00000      0.00000      0.00000      0.00000      0.00000
      0.00000      0.00000      0.00000      0.00000      0.00000      0.00000
      0.00000      0.00000      0.00000      0.00000      0.00000      0.00000
      0.00000      0.00000      0.00000      0.00000      0.00000      0.00000
      0.00000      0.00000      0.00000      0.00000      0.00000      0.00000
      0.00000      0.00000      0.00000      0.00000      0.00000      0.00000
      0.00000      0.00000      0.00000      0.00000      0.00000      0.00000
      0.00000      0.00000      0.00000      0.00000      0.00000      0.00000
      0.00000      0.00000      0.00000      0.00000      0.00000      0.00000
      0.00000      0.00000      0.00000      0.00000      0.00000      0.00000
      0.00000      0.00000      0.00000      0.00000      0.00000      0.00000
      0.00000      0.00000      0.00000      0.00000      0.00000      0.00000
      0.00000      0.00000      0.00000      0.00000      0.00000      0.00000
      0.00000      0.00000      0.00000      0.00000      0.00000      0.00000
      0.00000      0.00000      0.00000      0.00000      0.00000      0.00000
      0.00000      0.00000      0.00000      0.00000      0.00000      0.00000
      0.00000      0.00000      0.00000      0.00000      0.00000      0.00000
      0.00000      0.00000      0.00000      0.00000      0.00000      0.00000
      0.00000      0.00000      0.00000      0.00000      0.00000      0.00000
      0.00000      0.00000      0.00000      0.00000      0.00000      0.00000
      0.00000      0.00000      0.00000      0.00000      0.00000      0.00000
      0.00000      0.00000      0.00000      0.00000      0.00000      0.00000
      0.00000      0.00000      0.00000      0.00000      0.00000      0.00000
      0.00000      0.00000      0.00000      0.00000      0.00000      0.00000
      0.00000      0.00000      0.00000      0.00000      0.00000      0.00000
