    2000
      13.4649      13.4569      13.4414      13.4225      13.4031      13.3894
      13.3692      13.3541      13.3398      13.3231      13.3072      13.2915
      13.2711      13.2543      13.2406      13.2297      13.2183      13.1985
      13.1781      13.1604      13.1466      13.1323      13.1191      13.1097
      13.1000      13.0939      13.0851      13.0740      13.0630      13.0560
      13.0480      13.0424      13.0361      13.0313      13.0237      13.0125
      13.0035      12.9934      12.9847      12.9798      12.9709      12.9610
      12.9531      12.9486      12.9468      12.9426      12.9361      12.9299
      12.9226      12.9170      12.9120      12.9057      12.8978      12.8891
      12.8828      12.8801      12.8768      12.8709      12.8677      12.8657
      12.8640      12.8606      12.8625      12.8576      12.8574      12.8586
      12.8561      12.8571      12.8594      12.8567      12.8522      12.8489
      12.8478      12.8467      12.8451      12.8429      12.8454      12.8419
      12.8359      12.8356      12.8329      12.8328      12.8354      12.8358
      12.8346      12.8349      12.8341      12.8358      12.8298      12.8220
      12.8220      12.8189      12.8220      12.8173      12.8123      12.8069
      12.8015      12.7958      12.7936      12.7948      12.7976      12.7979
      12.7945      12.7914      12.7910      12.7882      12.7899      12.7880
      12.7877      12.7848      12.7822      12.7814      12.7860      12.7816
      12.7797      12.7795      12.7776      12.7764      12.7744      12.7737
      12.7724      12.7719      12.7681      12.7660      12.7628      12.7581
      12.7560      12.7567      12.7559      12.7498      12.7474      12.7469
      12.7448      12.7394      12.7430      12.7457      12.7458      12.7438
      12.7408      12.7375      12.7427      12.7468      12.7475      12.7482
      12.7505      12.7481      12.7440      12.7385      12.7393      12.7388
      12.7351      12.7320      12.7275      12.7272      12.7274      12.7253
      12.7216      12.7186      12.7193      12.7231      12.7266      12.7230
      12.7219      12.7256      12.7264      12.7271      12.7317      12.7284
      12.7224      12.7222      12.7201      12.7171      12.7194      12.7132
      12.7118      12.7106      12.7055      12.6961      12.6911      12.6961
      12.6987      12.7013      12.6990      12.6961      12.6931      12.6930
      12.6872      12.6809      12.6738      12.6685      12.6643      12.6634
      12.6660      12.6658      12.6647      12.6651      12.6665      12.6675
      12.6642      12.6616      12.6628      12.6589      12.6612      12.6589
      12.6586      12.6573      12.6542      12.6514      12.6499      12.6505
      12.6507      12.6547      12.6565      12.6551      12.6528      12.6571
      12.6550      12.6502      12.6504      12.6496      12.6474      12.6475
      12.6446      12.6418      12.6436      12.6435      12.6398      12.6363
      12.6352      12.6354      12.6335      12.6333      12.6310      12.6296
      12.6306      12.6323      12.6357      12.6398      12.6443      12.6401
      12.6357      12.6342      12.6317      12.6317      12.6355      12.6369
      12.6322      12.6299      12.6338      12.6293      12.6273      12.6253
      12.6218      12.6221      12.6211      12.6175      12.6140      12.6118
      12.6115      12.6129      12.6137      12.6146      12.6170      12.6141
      12.6166      12.6170      12.6174      12.6188      12.6208      12.6188
      12.6164      12.6139      12.6095      12.6045      12.6045      12.6021
      12.5998      12.6009      12.5962      12.5892      12.5858      12.5824
      12.5812      12.5830      12.5840      12.5855      12.5836      12.5825
      12.5806      12.5840      12.5828      12.5794      12.5764      12.5740
      12.5754      12.5774      12.5790      12.5795      12.5765      12.5734
      12.5743      12.5734      12.5723      12.5708      12.5683      12.5661
      12.5619      12.5587      12.5577      12.5535      12.5517      12.5536
      12.5537      12.5564      12.5609      12.5633      12.5638      12.5640
      12.5638      12.5633      12.5586      12.5602      12.5547      12.5555
      12.5542      12.5517      12.5543      12.5556      12.5550      12.5544
      12.5570      12.5558      12.5517      12.5549      12.5556      12.5564
      12.5555      12.5562      12.5577      12.5535      12.5515      12.5463
      12.5450      12.5471      12.5429      12.5376      12.5372      12.5403
      12.5377      12.5317      12.5336      12.5350      12.5318      12.5328
      12.5331      12.5337      12.5335      12.5303      12.5327      12.5334
      12.5263      12.5230      12.5210      12.5248      12.5220      12.5194
      12.5174      12.5181      12.5203      12.5192      12.5208      12.5199
      12.5179      12.5171      12.5110      12.5080      12.5084      12.5053
      12.5036      12.5012      12.5026      12.5058      12.5033      12.5046
      12.5073      12.5014      12.4990      12.5013      12.5048      12.5079
      12.5096      12.5100      12.5130      12.5140      12.5094      12.5173
      12.5170      12.5152      12.5114      12.5052      12.5041      12.5031
      12.5044      12.5092      12.5091      12.5055      12.5023      12.5024
      12.5047      12.5069      12.5058      12.5039      12.5003      12.5008
      12.5006      12.5030      12.5009      12.5030      12.5037      12.4972
      12.4936      12.4910      12.4861      12.4855      12.4873      12.4896
      12.4953      12.4932      12.4927      12.4934      12.4878      12.4798
      12.4762      12.4748      12.4720      12.4771      12.4792      12.4753
      12.4677      12.4665      12.4632      12.4641      12.4669      12.4639
      12.4633      12.4623      12.4615      12.4584      12.4654      12.4648
      12.4640      12.4673      12.4608      12.4570      12.4559      12.4552
      12.4552      12.4521      12.4566      12.4591      12.4619      12.4600
      12.4542      12.4541      12.4553      12.4574      12.4589      12.4609
      12.4565      12.4536      12.4445      12.4448      12.4402      12.4393
      12.4386      12.4390      12.4416      12.4450      12.4452      12.4466
      12.4524      12.4513      12.4518      12.4485      12.4433      12.4451
      12.4440      12.4424      12.4394      12.4362      12.4310      12.4285
      12.4307      12.4294      12.4286      12.4304      12.4318      12.4336
      12.4355      12.4364      12.4368      12.4327      12.4284      12.4305
      12.4361      12.4374      12.4348      12.4334      12.4385      12.4380
      12.4352      12.4354      12.4344      12.4337      12.4305      12.4265
      12.4255      12.4279      12.4264      12.4263      12.4283      12.4289
      12.4263      12.4281      12.4277      12.4302      12.4307      12.4297
      12.4293      12.4331      12.4345      12.4350      12.4367      12.4386
      12.4364      12.4311      12.4284      12.4274      12.4262      12.4242
      12.4224      12.4185      12.4222      12.4230      12.4192      12.4165
      12.4141      12.4096      12.4094      12.4086      12.4027      12.4006
      12.4020      12.4012      12.4012      12.3978      12.3982      12.4002
      12.3991      12.3925      12.3916      12.3919      12.3861      12.3867
      12.3876      12.3898      12.3893      12.3900      12.3919      12.3915
      12.3919      12.3966      12.4032      12.4102      12.4136      12.4095
      12.4086      12.4112      12.4109      12.4080      12.4089      12.4034
      12.4024      12.4050      12.4040      12.4025      12.4016      12.4005
      12.4014      12.3956      12.3977      12.3950      12.3925      12.3948
      12.3957      12.3961      12.3949      12.3953      12.3984      12.3957
      12.3994      12.3964      12.3949      12.3941      12.3929      12.3905
      12.3887      12.3870      12.3921      12.3957      12.3937      12.3927
      12.3905      12.3898      12.3914      12.3924      12.3890      12.3909
      12.3970      12.3938      12.3945      12.3968      12.3945      12.3941
      12.3909      12.3927      12.3925      12.3897      12.3885      12.3833
      12.3845      12.3853      12.3854      12.3807      12.3783      12.3794
      12.3754      12.3764      12.3714      12.3743      12.3736      12.3745
      12.3755      12.3801      12.3822      12.3829      12.3798      12.3776
      12.3763      12.3768      12.3745      12.3779      12.3805      12.3761
      12.3764      12.3797      12.3818      12.3814      12.3766      12.3802
      12.3802      12.3795      12.3745      12.3677      12.3641      12.3647
      12.3635      12.3604      12.3608      12.3567      12.3541      12.3607
      12.3632      12.3656      12.3640      12.3659      12.3599      12.3590
      12.3560      12.3555      12.3494      12.3467      12.3437      12.3417
      12.3389      12.3376      12.3408      12.3393      12.3443      12.3482
      12.3475      12.3430      12.3415      12.3409      12.3369      12.3337
      12.3357      12.3373      12.3385      12.3429      12.3429      12.3408
      12.3391      12.3412      12.3409      12.3431      12.3394      12.3387
      12.3398      12.3374      12.3391      12.3422      12.3451      12.3416
      12.3385      12.3398      12.3437      12.3430      12.3370      12.3365
      12.3365      12.3375      12.3353      12.3397      12.3383      12.3400
      12.3420      12.3424      12.3387      12.3389      12.3369      12.3382
      12.3403      12.3417      12.3431      12.3443      12.3421      12.3412
      12.3381      12.3359      12.3383      12.3420      12.3458      12.3489
      12.3459      12.3403      12.3390      12.3411      12.3450      12.3476
      12.3432      12.3476      12.3533      12.3479      12.3463      12.3406
      12.3423      12.3414      12.3387      12.3384      12.3368      12.3376
      12.3416      12.3371      12.3361      12.3383      12.3380      12.3432
      12.3386      12.3382      12.3378      12.3319      12.3322      12.3301
      12.3300      12.3346      12.3346      12.3342      12.3296      12.3305
      12.3326      12.3337      12.3287      12.3254      12.3261      12.3329
      12.3353      12.3358      12.3372      12.3384      12.3369      12.3324
      12.3270      12.3296      12.3303      12.3300      12.3298      12.3322
      12.3287      12.3226      12.3253      12.3263      12.3245      12.3214
      12.3167      12.3141      12.3101      12.3052      12.3058      12.3094
      12.3167      12.3196      12.3237      12.3244      12.3194      12.3191
      12.3204      12.3216      12.3200      12.3224      12.3221      12.3274
      12.3342      12.3361      12.3334      12.3330      12.3326      12.3313
      12.3277      12.3222      12.3204      12.3247      12.3261      12.3229
      12.3236      12.3253      12.3253      12.3238      12.3268      12.3278
      12.3287      12.3305      12.3320      12.3329      12.3262      12.3236
      12.3237      12.3262      12.3223      12.3194      12.3150      12.3153
      12.3181      12.3127      12.3141      12.3154      12.3158      12.3181
      12.3180      12.3251      12.3272      12.3153      12.3106      12.3105
      12.3078      12.3126      12.3114      12.3122      12.3085      12.3066
      12.3072      12.3087      12.3088      12.3091      12.3077      12.3040
      12.3001      12.3009      12.3044      12.3050      12.3027      12.3071
      12.3081      12.3091      12.3105      12.3125      12.3138      12.3139
      12.3134      12.3122      12.3072      12.3080      12.3117      12.3102
      12.3066      12.3103      12.3094      12.3106      12.3096      12.3141
      12.3128      12.3099      12.3114      12.3129      12.3138      12.3201
      12.3255      12.3250      12.3277      12.3290      12.3329      12.3300
      12.3294      12.3279      12.3294      12.3281      12.3271      12.3255
      12.3234      12.3200      12.3203      12.3220      12.3190      12.3150
      12.3199      12.3249      12.3226      12.3249      12.3289      12.3288
      12.3268      12.3266      12.3227      12.3204      12.3180      12.3165
      12.3121      12.3073      12.3028      12.3026      12.3054      12.3088
      12.3079      12.3054      12.3036      12.3063      12.3052      12.3046
      12.3074      12.3067      12.3085      12.3112      12.3157      12.3122
      12.3092      12.3098      12.3113      12.3147      12.3124      12.3115
      12.3117      12.3117      12.3125      12.3057      12.3011      12.3021
      12.3012      12.3014      12.2975      12.2994      12.3015      12.3012
      12.2992      12.2999      12.3042      12.3083      12.3106      12.3170
      12.3190      12.3213      12.3189      12.3189      12.3225      12.3195
      12.3158      12.3172      12.3178      12.3151      12.3131      12.3147
      12.3155      12.3134      12.3110      12.3115      12.3128      12.3164
      12.3140      12.3172      12.3206      12.3247      12.3224      12.3235
      12.3268      12.3243      12.3235      12.3218      12.3215      12.3240
      12.3238      12.3205      12.3212      12.3167      12.3142      12.3168
      12.3178      12.3181      12.3195      12.3242      12.3251      12.3212
      12.3228      12.3220      12.3232      12.3205      12.3180      12.3164
      12.3187      12.3191      12.3221      12.3208      12.3202      12.3191
      12.3189      12.3197      12.3221      12.3215      12.3231      12.3229
      12.3263      12.3262      12.3198      12.3165      12.3147      12.3184
      12.3229      12.3217      12.3211      12.3195      12.3211      12.3260
      12.3253      12.3259      12.3277      12.3346      12.3325      12.3286
      12.3329      12.3334      12.3353      12.3337      12.3267      12.3244
      12.3265      12.3254      12.3305      12.3292      12.3299      12.3258
      12.3238      12.3304      12.3302      12.3315      12.3288      12.3320
      12.3328      12.3321      12.3309      12.3295      12.3250      12.3299
      12.3310      12.3287      12.3255      12.3252      12.3255      12.3275
      12.3287      12.3309      12.3350      12.3353      12.3340      12.3376
      12.3384      12.3361      12.3325      12.3339      12.3340      12.3368
      12.3433      12.3446      12.3424      12.3423      12.3405      12.3381
      12.3384      12.3340      12.3331      12.3315      12.3319      12.3337
      12.3413      12.3387      12.3422      12.3443      12.3400      12.3409
      12.3419      12.3419      12.3372      12.3387      12.3390      12.3409
      12.3434      12.3409      12.3454      12.3446      12.3374      12.3386
      12.3371      12.3389      12.3349      12.3383      12.3368      12.3329
      12.3331      12.3370      12.3435      12.3433      12.3443      12.3450
      12.3420      12.3408      12.3426      12.3418      12.3405      12.3385
      12.3384      12.3382      12.3410      12.3421      12.3435      12.3447
      12.3473      12.3489      12.3464      12.3443      12.3458      12.3429
      12.3418      12.3414      12.3401      12.3429      12.3457      12.3444
      12.3445      12.3405      12.3413      12.3440      12.3425      12.3429
      12.3499      12.3516      12.3535      12.3541      12.3564      12.3554
      12.3527      12.3556      12.3538      12.3491      12.3472      12.3455
      12.3452      12.3403      12.3376      12.3417      12.3453      12.3426
      12.3395      12.3357      12.3373      12.3381      12.3374      12.3384
      12.3464      12.3536      12.3552      12.3585      12.3626      12.3635
      12.3628      12.3646      12.3620      12.3632      12.3604      12.3594
      12.3601      12.3569      12.3538      12.3544      12.3536      12.3539
      12.3547      12.3514      12.3503      12.3542      12.3560      12.3549
      12.3563      12.3527      12.3582      12.3584      12.3583      12.3569
      12.3604      12.3597      12.3658      12.3687      12.3674      12.3648
      12.3616      12.3574      12.3542      12.3507      12.3491      12.3482
      12.3461      12.3456      12.3499      12.3544      12.3539      12.3538
      12.3496      12.3511      12.3557      12.3527      12.3499      12.3519
      12.3509      12.3467      12.3481      12.3518      12.3528      12.3485
      12.3539      12.3542      12.3567      12.3570      12.3548      12.3562
      12.3576      12.3551      12.3502      12.3495      12.3449      12.3423
      12.3378      12.3389      12.3417      12.3403      12.3428      12.3416
      12.3428      12.3467      12.3468      12.3488      12.3494      12.3498
      12.3535      12.3499      12.3535      12.3516      12.3504      12.3475
      12.3502      12.3518      12.3477      12.3499      12.3486      12.3423
      12.3406      12.3406      12.3413      12.3422      12.3409      12.3412
      12.3357      12.3349      12.3385      12.3410      12.3427      12.3438
      12.3456      12.3440      12.3443      12.3431      12.3437      12.3457
      12.3494      12.3487      12.3472      12.3433      12.3434      12.3426
      12.3429      12.3420      12.3409      12.3414      12.3397      12.3409
      12.3420      12.3484      12.3454      12.3486      12.3473      12.3437
      12.3504      12.3495      12.3489      12.3460      12.3430      12.3420
      12.3426      12.3398      12.3446      12.3457      12.3380      12.3309
      12.3286      12.3258      12.3246      12.3223      12.3260      12.3286
      12.3298      12.3298      12.3293      12.3334      12.3337      12.3323
      12.3358      12.3404      12.3411      12.3428      12.3444      12.3448
      12.3441      12.3428      12.3414      12.3439      12.3418      12.3387
      12.3349      12.3261      12.3239      12.3290      12.3284      12.3290
      12.3237      12.3213      12.3225      12.3253      12.3284      12.3273
      12.3299      12.3357      12.3377      12.3367      12.3323      12.3355
      12.3357      12.3337      12.3371      12.3348      12.3351      12.3386
      12.3369      12.3428      12.3443      12.3475      12.3496      12.3518
      12.3574      12.3573      12.3512      12.3533      12.3554      12.3481
      12.3466      12.3487      12.3489      12.3485      12.3457      12.3424
      12.3446      12.3449      12.3429      12.3453      12.3455      12.3456
      12.3445      12.3448      12.3449      12.3429      12.3381      12.3425
      12.3399      12.3361      12.3358      12.3371      12.3298      12.3302
      12.3307      12.3329      12.3338      12.3370      12.3385      12.3359
      12.3336      12.3355      12.3388      12.3397      12.3424      12.3412
      12.3422      12.3422      12.3418      12.3360      12.3346      12.3362
      12.3316      12.3331      12.3335      12.3289      12.3267      12.3295
      12.3342      12.3369      12.3391      12.3379      12.3371      12.3360
      12.3321      12.3309      12.3265      12.3200      12.3175      12.3140
      12.3116      12.3122      12.3156      12.3158      12.3116      12.3113
      12.3109      12.3089      12.3098      12.3065      12.3078      12.3108
      12.3143      12.3174      12.3167      12.3217      12.3197      12.3234
      12.3292      12.3267      12.3268      12.3299      12.3298      12.3234
      12.3193      12.3193      12.3162      12.3162      12.3179      12.3168
      12.3212      12.3225      12.3243      12.3302      12.3306      12.3284
      12.3242      12.3232      12.3266      12.3269      12.3286      12.3299
      12.3331      12.3291      12.3264      12.3241      12.3209      12.3228
      12.3148      12.3144      12.3145      12.3158      12.3130      12.3125
      12.3118      12.3090      12.3133      12.3147      12.3152      12.3173
      12.3195      12.3194      12.3150      12.3169      12.3191      12.3253
      12.3259      12.3303      12.3301      12.3272      12.3215      12.3257
      12.3232      12.3222      12.3199      12.3210      12.3232      12.3265
      12.3280      12.3275      12.3276      12.3281      12.3267      12.3277
      12.3281      12.3267      12.3207      12.3274      12.3270      12.3264
      12.3247      12.3233      12.3246      12.3249      12.3178      12.3153
      12.3130      12.3116      12.3094      12.3082      12.3042      12.3051
      12.3057      12.3071      12.3100      12.3103      12.3078      12.3087
      12.3144      12.3148      12.3167      12.3200      12.3234      12.3260
      12.3206      12.3217      12.3193      12.3173      12.3135      12.3093
      12.3107      12.3075      12.3089      12.3100      12.3093      12.3076
      12.3113      12.3169      12.3179      12.3178      12.3208      12.3256
      12.3223      12.3165      12.3133      12.3109      12.3087      12.3067
      12.3074      12.3085      12.3026      12.3028      12.3065      12.3068
      12.3059      12.3090      12.3080      12.3060      12.3116      12.3123
      12.3064      12.3093      12.3056      12.3073      12.3113      12.3149
      12.3146      12.3127      12.3105      12.3134      12.3122      12.3096
      12.3131      12.3202      12.3213      12.3143      12.3164      12.3124
      12.3119      12.3138      12.3094      12.3083      12.3084      12.3115
      12.3129      12.3119      12.3113      12.3125      12.3150      12.3162
      12.3124      12.3124      12.3172      12.3212      12.3211      12.3229
      12.3214      12.3217      12.3222      12.3270      12.3238      12.3207
      12.3168      12.3103      12.3075      12.3085      12.3087      12.3133
      12.3091      12.3074      12.3116      12.3127      12.3180      12.3176
      12.3154      12.3174      12.3200      12.3222      12.3213      12.3222
      12.3227      12.3212      12.3206      12.3168      12.3174      12.3169
      12.3116      12.3081      12.3049      12.3058      12.3072      12.3059
      12.3044      12.3059      12.3084      12.3041      12.3044      12.3089
      12.3105      12.3196      12.3201      12.3197      12.3206      12.3227
      12.3272      12.3211      12.3208      12.3219      12.3194      12.3171
      12.3139      12.3170      12.3195      12.3202      12.3204      12.3185
      12.3148      12.3177      12.3168      12.3118      12.3111      12.3147
      12.3154      12.3178      12.3180      12.3162      12.3138      12.3155
      12.3169      12.3183      12.3155      12.3165      12.3197      12.3182
      12.3138      12.3137      12.3091      12.3045      12.3014      12.3033
      12.3016      12.2989      12.2967      12.2947      12.2947      12.2974
      12.2977      12.2933      12.2901      12.2904      12.2907      12.2930
      12.2977      12.3024      12.2987      12.2925      12.2913      12.2936
      12.2941      12.2913      12.2938      12.2903      12.2908      12.2896
      12.2867      12.2833      12.2901      12.2961      12.2938      12.2954
      12.2984      12.3006      12.3070      12.3076      12.3076      12.3075
      12.3095      12.3062      12.3044      12.3051      12.3036      12.3060
      12.3008      12.3004      12.2957      12.2914      12.2944      12.2936
      12.2933      12.2910      12.2910      12.2939      12.2970      12.2976
      12.2989      12.2963      12.2994      12.3028      12.3072      12.3079
      12.3089      12.3099      12.3078      12.3034      12.3032      12.3029
      12.3028      12.3070      12.3075      12.3088      12.3127      12.3234
      12.3217      12.3156      12.3157      12.3175      12.3152      12.3100
      12.3087      12.3081      12.3036      12.3063      12.3026      12.3011
      12.2994      12.2982      12.3017      12.3018      12.3051      12.2982
      12.2922      12.2892      12.2855      12.2858      12.2907      12.2924
      12.2973      12.3004      12.3005      12.3001      12.3017      12.3016
      12.3016      12.2992      12.2978      12.3014      12.3061      12.3123
      12.3112      12.3123      12.3134      12.3109      12.3119      12.3181
      12.3132      12.3118      12.3125      12.3153      12.3150      12.3125
      12.3147      12.3150      12.3179      12.3162      12.3149      12.3156
      12.3120      12.3146      12.3142      12.3134      12.3118      12.3102
      12.3087      12.3049      12.3028      12.3038      12.3089      12.3097
      12.3062      12.3030      12.3058      12.3106      12.3134      12.3142
      12.3112      12.3084      12.3150      12.3192      12.3188      12.3119
      12.3118      12.3084      12.3076      12.3141      12.3111      12.3074
      12.3107      12.3160      12.3138      12.3123      12.3119      12.3126
      12.3087      12.3023      12.2968      12.2943      12.2944      12.2864
      12.2826      12.2846      12.2800      12.2826      12.2829      12.2811
      12.2806      12.2783      12.2791      12.2816      12.2784      12.2805
      12.2825      12.2821      12.2809      12.2795      12.2787      12.2792
      12.2770      12.2760      12.2791      12.2796      12.2788      12.2806
      12.2777      12.2734      12.2749      12.2729      12.2773      12.2783
      12.2813      12.2892      12.2912      12.2920      12.2866      12.2864
      12.2876      12.2899      12.2933      12.2955      12.2893      12.2889
      12.2908      12.2890      12.2919      12.2918      12.2929      12.2955
      12.2967      12.2959      12.2951      12.2961      12.2991      12.2951
      12.2932      12.2914      12.2913      12.2908      12.2857      12.2849
      12.2857      12.2852      12.2877      12.2891      12.2872      12.2815
      12.2794      12.2800      12.2818      12.2777      12.2745      12.2761
      12.2814      12.2820      12.2830      12.2859      12.2840      12.2862
      12.2862      12.2863      12.2894      12.2929      12.2954      12.2948
      12.2911      12.2853      12.2836      12.2830      12.2826      12.2835
      12.2818      12.2797      12.2829      12.2858      12.2889      12.2870
      12.2851      12.2882      12.2899      12.2883      12.2939      12.2978
      12.3030      12.3029      0.00000      0.00000      0.00000      0.00000
      0.00000      0.00000      0.00000      0.00000      0.00000      0.00000
      0.00000      0.00000      0.00000      0.00000      0.00000      0.00000
      0.00000      0.00000      0.00000      0.00000      0.00000      0.00000
      0.00000      0.00000      0.00000      0.00000      0.00000      0.00000
      0.00000      0.00000      0.00000      0.00000      0.00000      0.00000
      0.00000      0.00000      0.00000      0.00000      0.00000      0.00000
      0.00000      0.00000      0.00000      0.00000      0.00000      0.00000
      0.00000      0.00000      0.00000      0.00000      0.00000      0.00000
      0.00000      0.00000      0.00000      0.00000      0.00000      0.00000
      0.00000      0.00000      0.00000      0.00000      0.00000      0.00000
      0.00000      0.00000      0.00000      0.00000      0.00000      0.00000
      0.00000      0.00000      0.00000      0.00000      0.00000      0.00000
      0.00000      0.00000      0.00000      0.00000      0.00000      0.00000
      0.00000      0.00000      0.00000      0.00000      0.00000      0.00000
      0.00000      0.00000      0.00000      0.00000      0.00000      0.00000
      0.00000      0.00000      0.00000      0.00000      0.00000      0.00000
      0.00000      0.00000      0.00000      0.00000      0.00000      0.00000
      0.00000      0.00000      0.00000      0.00000      0.00000      0.00000
      0.00000      0.00000      0.00000      0.00000      0.00000      0.00000
      0.00000      0.00000      0.00000      0.00000      0.00000      0.00000
      0.00000      0.00000      0.00000      0.00000      0.00000      0.00000
      0.00000      0.00000      0.00000      0.00000      0.00000      0.00000
      0.00000      0.00000      0.00000      0.00000      0.00000      0.00000
      0.00000      0.00000      0.00000      0.00000      0.00000      0.00000
      0.00000      0.00000      0.00000      0.00000      0.00000      0.00000
      0.00000      0.00000      0.00000      0.00000      0.00000      0.00000
      0.00000      0.00000      0.00000      0.00000      0.00000      0.00000
      0.00000      0.00000      0.00000      0.00000      0.00000      0.00000
      0.00000      0.00000      0.00000      0.00000      0.00000      0.00000
      0.00000      0.00000      0.00000      0.00000      0.00000      0.00000
      0.00000      0.00000      0.00000      0.00000      0.00000      0.00000
      0.00000      0.00000      0.00000      0.00000      0.00000      0.00000
      0.00000      0.00000      0.00000      0.00000      0.00000      0.00000
      0.00000      0.00000      0.00000      0.00000      0.00000      0.00000
      0.00000      0.00000      0.00000      0.00000      0.00000      0.00000
      0.00000      0.00000      0.00000      0.00000      0.00000      0.00000
      0.00000      0.00000      0.00000      0.00000      0.00000      0.00000
      0.00000      0.00000      0.00000      0.00000      0.00000      0.00000
      0.00000      0.00000      0.00000      0.00000      0.00000      0.00000
      0.00000      0.00000      0.00000      0.00000      0.00000      0.00000
      0.00000      0.00000      0.00000      0.00000      0.00000      0.00000
      0.00000      0.00000      0.00000      0.00000      0.00000      0.00000
      0.00000      0.00000      0.00000      0.00000      0.00000      0.00000
      0.00000      0.00000      0.00000      0.00000      0.00000      0.00000
      0.00000      0.00000      0.00000      0.00000      0.00000      0.00000
      0.00000      0.00000      0.00000      0.00000      0.00000      0.00000
      0.00000      0.00000      0.00000      0.00000      0.00000      0.00000
      0.00000      0.00000      0.00000      0.00000      0.00000      0.00000
      0.00000      0.00000      0.00000      0.00000      0.00000      0.00000
      0.00000      0.00000      0.00000      0.00000      0.00000      0.00000
      0.00000      0.00000      0.00000      0.00000      0.00000      0.00000
      0.00000      0.00000      0.00000      0.00000      0.00000      0.00000
      0.00000      0.00000      0.00000      0.00000      0.00000      0.00000
      0.00000      0.00000      0.00000      0.00000      0.00000      0.00000
      0.00000      0.00000      0.00000      0.00000      0.00000      0.00000
      0.00000      0.00000      0.00000      0.00000      0.00000      0.00000
      0.00000      0.00000      0.00000      0.00000      0.00000      0.00000
      0.00000      0.00000      0.00000      0.00000      0.00000      0.00000
      0.00000      0.00000      0.00000      0.00000      0.00000      0.00000
      0.00000      0.00000      0.00000      0.00000      0.00000      0.00000
      0.00000      0.00000      0.00000      0.00000      0.00000      0.00000
      0.00000      0.00000      0.00000      0.00000      0.00000      0.00000
      0.00000      0.00000      0.00000      0.00000      0.00000      0.00000
      0.00000      0.00000      0.00000      0.00000      0.00000      0.00000
      0.00000      0.00000      0.00000      0.00000      0.00000      0.00000
      0.00000      0.00000      0.00000      0.00000      0.00000      0.00000
      0.00000      0.00000      0.00000      0.00000      0.00000      0.00000
      0.00000      0.00000      0.00000      0.00000      0.00000      0.00000
      0.00000      0.00000      0.00000      0.00000      0.00000      0.00000
      0.00000      0.00000      0.00000      0.00000      0.00000      0.00000
      0.00000      0.00000      0.00000      0.00000      0.00000      0.00000
      0.00000      0.00000      0.00000      0.00000      0.00000      0.00000
      0.00000      0.00000      0.00000      0.00000      0.00000      0.00000
      0.00000      0.00000      0.00000      0.00000      0.00000      0.00000
      0.00000      0.00000      0.00000      0.00000      0.00000      0.00000
      0.00000      0.00000      0.00000      0.00000      0.00000      0.00000
      0.00000      0.00000      0.00000      0.00000      0.00000      0.00000
      0.00000      0.00000      0.00000      0.00000      0.00000      0.00000
      0.00000      0.00000      0.00000      0.00000      0.00000      0.00000
      0.00000      0.00000      0.00000      0.00000      0.00000      0.00000
      0.00000      0.00000      0.00000      0.00000      0.00000      0.00000
      0.00000      0.00000      0.00000      0.00000      0.00000      0.00000
      0.00000      0.00000      0.00000      0.00000      0.00000      0.00000
      0.00000      0.00000      0.00000      0.00000      0.00000      0.00000
      0.00000      0.00000      0.00000      0.00000      0.00000      0.00000
      0.00000      0.00000      0.00000      0.00000      0.00000      0.00000
      0.00000      0.00000      0.00000      0.00000      0.00000      0.00000
      0.00000      0.00000      0.00000      0.00000      0.00000      0.00000
      0.00000      0.00000      0.00000      0.00000      0.00000      0.00000
      0.00000      0.00000      0.00000      0.00000      0.00000      0.00000
      0.00000      0.00000      0.00000      0.00000      0.00000      0.00000
      0.00000      0.00000      0.00000      0.00000      0.00000      0.00000
      0.00000      0.00000      0.00000      0.00000      0.00000      0.00000
      0.00000      0.00000      0.00000      0.00000      0.00000      0.00000
      0.00000      0.00000      0.00000      0.00000      0.00000      0.00000
      0.00000      0.00000      0.00000      0.00000      0.00000      0.00000
      0.00000      0.00000      0.00000      0.00000      0.00000      0.00000
      0.00000      0.00000      0.00000      0.00000      0.00000      0.00000
      0.00000      0.00000      0.00000      0.00000      0.00000      0.00000
      0.00000      0.00000      0.00000      0.00000      0.00000      0.00000
      0.00000      0.00000      0.00000      0.00000      0.00000      0.00000
      0.00000      0.00000      0.00000      0.00000      0.00000      0.00000
      0.00000      0.00000      0.00000      0.00000      0.00000      0.00000
      0.00000      0.00000      0.00000      0.00000      0.00000      0.00000
      0.00000      0.00000      0.00000      0.00000      0.00000      0.00000
      0.00000      0.00000      0.00000      0.00000      0.00000      0.00000
      0.00000      0.00000      0.00000      0.00000      0.00000      0.00000
      0.00000      0.00000      0.00000      0.00000      0.00000      0.00000
      0.00000      0.00000      0.00000      0.00000      0.00000      0.00000
      0.00000      0.00000      0.00000      0.00000      0.00000      0.00000
      0.00000      0.00000      0.00000      0.00000      0.00000      0.00000
      0.00000      0.00000      0.00000      0.00000      0.00000      0.00000
      0.00000      0.00000      0.00000      0.00000      0.00000      0.00000
      0.00000      0.00000      0.00000      0.00000      0.00000      0.00000
      0.00000      0.00000      0.00000      0.00000      0.00000      0.00000
      0.00000      0.00000      0.00000      0.00000      0.00000      0.00000
      0.00000      0.00000      0.00000      0.00000      0.00000      0.00000
      0.00000      0.00000      0.00000      0.00000      0.00000      0.00000
      0.00000      0.00000      0.00000      0.00000      0.00000      0.00000
      0.00000      0.00000      0.00000      0.00000      0.00000      0.00000
      0.00000      0.00000      0.00000      0.00000      0.00000      0.00000
      0.00000      0.00000      0.00000      0.00000      0.00000      0.00000
      0.00000      0.00000      0.00000      0.00000      0.00000      0.00000
      0.00000      0.00000      0.00000      0.00000      0.00000      0.00000
      0.00000      0.00000      0.00000      0.00000      0.00000      0.00000
      0.00000      0.00000      0.00000      0.00000      0.00000      0.00000
      0.00000      0.00000      0.00000      0.00000      0.00000      0.00000
      0.00000      0.00000      0.00000      0.00000      0.00000      0.00000
      0.00000      0.00000      0.00000      0.00000      0.00000      0.00000
      0.00000      0.00000      0.00000      0.00000      0.00000      0.00000
      0.00000      0.00000      0.00000      0.00000      0.00000      0.00000
      0.00000      0.00000      0.00000      0.00000      0.00000      0.00000
      0.00000      0.00000      0.00000      0.00000      0.00000      0.00000
      0.00000      0.00000      0.00000      0.00000      0.00000      0.00000
      0.00000      0.00000      0.00000      0.00000      0.00000      0.00000
      0.00000      0.00000      0.00000      0.00000      0.00000      0.00000
      0.00000      0.00000      0.00000      0.00000      0.00000      0.00000
      0.00000      0.00000      0.00000      0.00000      0.00000      0.00000
      0.00000      0.00000      0.00000      0.00000      0.00000      0.00000
      0.00000      0.00000      0.00000      0.00000      0.00000      0.00000
      0.00000      0.00000      0.00000      0.00000      0.00000      0.00000
      0.00000      0.00000      0.00000      0.00000      0.00000      0.00000
      0.00000      0.00000      0.00000      0.00000      0.00000      0.00000
      0.00000      0.00000      0.00000      0.00000      0.00000      0.00000
      0.00000      0.00000      0.00000      0.00000      0.00000      0.00000
      0.00000      0.00000      0.00000      0.00000      0.00000      0.00000
      0.00000      0.00000      0.00000      0.00000      0.00000      0.00000
      0.00000      0.00000      0.00000      0.00000      0.00000      0.00000
      0.00000      0.00000      0.00000      0.00000      0.00000      0.00000
      0.00000      0.00000      0.00000      0.00000      0.00000      0.00000
      0.00000      0.00000      0.00000      0.00000      0.00000      0.00000
      0.00000      0.00000      0.00000      0.00000      0.00000      0.00000
      0.00000      0.00000      0.00000      0.00000      0.00000      0.00000
      0.00000      0.00000      0.00000      0.00000      0.00000      0.00000
      0.00000      0.00000      0.00000      0.00000      0.00000      0.00000
      0.00000      0.00000      0.00000      0.00000      0.00000      0.00000
      0.00000      0.00000      0.00000      0.00000      0.00000      0.00000
      0.00000      0.00000      0.00000      0.00000      0.00000      0.00000
      0.00000      0.00000      0.00000      0.00000      0.00000      0.00000
      0.00000      0.00000      0.00000      0.00000      0.00000      0.00000
      0.00000      0.00000      0.00000      0.00000      0.00000      0.00000
      0.00000      0.00000      0.00000      0.00000      0.00000      0.00000
      0.00000      0.00000      0.00000      0.00000      0.00000      0.00000
      0.00000      0.00000      0.00000      0.00000      0.00000      0.00000
      0.00000      0.00000      0.00000      0.00000      0.00000      0.00000
      0.00000      0.00000      0.00000      0.00000      0.00000      0.00000
