    2000
      13.4444      13.4415      13.4426      13.4451      13.4444      13.4426
      13.4359      13.4260      13.4192      13.4120      13.4018      13.3895
      13.3769      13.3759      13.3703      13.3669      13.3637      13.3572
      13.3500      13.3498      13.3466      13.3450      13.3433      13.3403
      13.3401      13.3402      13.3394      13.3385      13.3395      13.3438
      13.3442      13.3469      13.3494      13.3510      13.3500      13.3480
      13.3467      13.3455      13.3413      13.3403      13.3371      13.3357
      13.3322      13.3344      13.3363      13.3374      13.3375      13.3364
      13.3338      13.3295      13.3242      13.3233      13.3197      13.3196
      13.3190      13.3213      13.3218      13.3196      13.3168      13.3169
      13.3172      13.3177      13.3177      13.3151      13.3095      13.3087
      13.3076      13.3091      13.3105      13.3099      13.3074      13.3044
      13.3011      13.2989      13.2983      13.2958      13.2953      13.2929
      13.2913      13.2889      13.2872      13.2902      13.2941      13.2957
      13.2990      13.2996      13.2999      13.2996      13.2991      13.3008
      13.3003      13.2991      13.3002      13.3003      13.2989      13.2972
      13.2934      13.2887      13.2833      13.2762      13.2703      13.2620
      13.2538      13.2521      13.2490      13.2503      13.2529      13.2552
      13.2567      13.2575      13.2566      13.2528      13.2490      13.2460
      13.2445      13.2470      13.2474      13.2434      13.2433      13.2443
      13.2404      13.2366      13.2347      13.2290      13.2262      13.2262
      13.2263      13.2233      13.2226      13.2205      13.2189      13.2198
      13.2193      13.2195      13.2227      13.2275      13.2321      13.2323
      13.2322      13.2317      13.2293      13.2265      13.2265      13.2272
      13.2280      13.2261      13.2247      13.2272      13.2279      13.2307
      13.2317      13.2312      13.2243      13.2160      13.2152      13.2135
      13.2156      13.2220      13.2262      13.2278      13.2283      13.2328
      13.2353      13.2345      13.2353      13.2346      13.2304      13.2307
      13.2290      13.2269      13.2254      13.2204      13.2179      13.2178
      13.2168      13.2132      13.2080      13.2023      13.1975      13.1967
      13.1965      13.1937      13.1894      13.1884      13.1908      13.1928
      13.1926      13.1969      13.1999      13.1990      13.2007      13.2010
      13.1990      13.1925      13.1899      13.1917      13.1918      13.1965
      13.1972      13.1948      13.1901      13.1903      13.1899      13.1902
      13.1865      13.1817      13.1848      13.1860      13.1838      13.1826
      13.1805      13.1849      13.1871      13.1871      13.1857      13.1830
      13.1820      13.1784      13.1772      13.1779      13.1818      13.1851
      13.1871      13.1869      13.1866      13.1854      13.1842      13.1870
      13.1902      13.1871      13.1853      13.1827      13.1794      13.1791
      13.1768      13.1762      13.1742      13.1705      13.1737      13.1746
      13.1714      13.1706      13.1709      13.1738      13.1767      13.1765
      13.1759      13.1771      13.1794      13.1791      13.1784      13.1782
      13.1767      13.1777      13.1779      13.1722      13.1679      13.1669
      13.1617      13.1597      13.1574      13.1586      13.1564      13.1538
      13.1474      13.1431      13.1416      13.1388      13.1356      13.1362
      13.1375      13.1416      13.1444      13.1468      13.1467      13.1476
      13.1487      13.1502      13.1517      13.1513      13.1494      13.1494
      13.1509      13.1521      13.1515      13.1524      13.1519      13.1528
      13.1535      13.1531      13.1538      13.1542      13.1546      13.1576
      13.1585      13.1593      13.1598      13.1586      13.1611      13.1605
      13.1611      13.1617      13.1582      13.1576      13.1572      13.1564
      13.1556      13.1515      13.1514      13.1521      13.1506      13.1450
      13.1404      13.1358      13.1357      13.1319      13.1291      13.1278
      13.1289      13.1271      13.1271      13.1252      13.1264      13.1258
      13.1234      13.1225      13.1229      13.1227      13.1268      13.1250
      13.1238      13.1244      13.1253      13.1246      13.1192      13.1157
      13.1147      13.1134      13.1121      13.1099      13.1098      13.1117
      13.1130      13.1142      13.1105      13.1073      13.1083      13.1067
      13.1084      13.1080      13.1088      13.1094      13.1073      13.1061
      13.1034      13.1007      13.0983      13.0947      13.0947      13.0951
      13.0925      13.0889      13.0848      13.0857      13.0853      13.0843
      13.0836      13.0849      13.0856      13.0915      13.0924      13.0911
      13.0864      13.0844      13.0848      13.0892      13.0897      13.0875
      13.0880      13.0906      13.0910      13.0886      13.0843      13.0847
      13.0893      13.0885      13.0844      13.0815      13.0764      13.0747
      13.0705      13.0738      13.0745      13.0728      13.0732      13.0765
      13.0769      13.0782      13.0765      13.0781      13.0774      13.0749
      13.0688      13.0700      13.0680      13.0717      13.0743      13.0696
      13.0672      13.0674      13.0657      13.0631      13.0637      13.0630
      13.0665      13.0643      13.0629      13.0636      13.0634      13.0620
      13.0626      13.0603      13.0571      13.0556      13.0527      13.0493
      13.0479      13.0495      13.0492      13.0522      13.0524      13.0544
      13.0544      13.0535      13.0482      13.0439      13.0412      13.0412
      13.0412      13.0406      13.0385      13.0388      13.0362      13.0332
      13.0337      13.0348      13.0316      13.0305      13.0300      13.0307
      13.0339      13.0352      13.0346      13.0312      13.0290      13.0278
      13.0239      13.0232      13.0246      13.0255      13.0256      13.0270
      13.0306      13.0290      13.0289      13.0270      13.0264      13.0289
      13.0278      13.0251      13.0271      13.0245      13.0207      13.0184
      13.0180      13.0185      13.0136      13.0140      13.0146      13.0164
      13.0149      13.0118      13.0049      12.9998      12.9951      12.9904
      12.9917      12.9912      12.9913      12.9923      12.9912      12.9890
      12.9911      12.9908      12.9874      12.9875      12.9901      12.9881
      12.9859      12.9865      12.9862      12.9894      12.9912      12.9932
      12.9947      12.9956      12.9948      12.9987      12.9994      12.9991
      12.9958      12.9986      13.0003      12.9979      13.0005      13.0031
      13.0022      12.9998      12.9967      12.9931      12.9912      12.9915
      12.9920      12.9931      12.9934      12.9969      12.9971      12.9963
      12.9966      12.9980      12.9978      12.9983      13.0009      12.9995
      12.9986      12.9982      12.9974      12.9960      12.9927      12.9903
      12.9874      12.9866      12.9825      12.9763      12.9720      12.9702
      12.9709      12.9675      12.9677      12.9670      12.9642      12.9628
      12.9578      12.9556      12.9562      12.9558      12.9553      12.9557
      12.9553      12.9588      12.9597      12.9597      12.9582      12.9604
      12.9602      12.9601      12.9589      12.9587      12.9599      12.9581
      12.9584      12.9601      12.9598      12.9616      12.9612      12.9638
      12.9610      12.9619      12.9632      12.9647      12.9632      12.9591
      12.9540      12.9535      12.9494      12.9505      12.9503      12.9472
      12.9495      12.9482      12.9486      12.9487      12.9473      12.9483
      12.9455      12.9462      12.9445      12.9395      12.9364      12.9346
      12.9352      12.9340      12.9310      12.9301      12.9280      12.9219
      12.9200      12.9178      12.9168      12.9158      12.9173      12.9154
      12.9200      12.9248      12.9248      12.9232      12.9213      12.9185
      12.9181      12.9170      12.9149      12.9148      12.9155      12.9172
      12.9167      12.9180      12.9190      12.9172      12.9174      12.9193
      12.9201      12.9228      12.9220      12.9205      12.9186      12.9163
      12.9190      12.9189      12.9201      12.9236      12.9253      12.9285
      12.9295      12.9335      12.9302      12.9312      12.9327      12.9319
      12.9285      12.9309      12.9268      12.9275      12.9274      12.9243
      12.9206      12.9166      12.9113      12.9134      12.9131      12.9114
      12.9087      12.9046      12.9004      12.8961      12.8947      12.8922
      12.8919      12.8924      12.8924      12.8966      12.8977      12.8973
      12.8965      12.8982      12.8986      12.8999      12.9006      12.9026
      12.9007      12.9009      12.8990      12.8945      12.8921      12.8917
      12.8903      12.8900      12.8909      12.8920      12.8932      12.8947
      12.8948      12.8923      12.8915      12.8900      12.8897      12.8894
      12.8888      12.8906      12.8893      12.8876      12.8877      12.8866
      12.8846      12.8814      12.8779      12.8743      12.8747      12.8696
      12.8641      12.8616      12.8640      12.8664      12.8674      12.8668
      12.8631      12.8588      12.8595      12.8607      12.8637      12.8641
      12.8594      12.8561      12.8579      12.8597      12.8616      12.8625
      12.8667      12.8656      12.8648      12.8623      12.8635      12.8642
      12.8651      12.8641      12.8640      12.8621      12.8595      12.8619
      12.8612      12.8632      12.8646      12.8652      12.8629      12.8599
      12.8551      12.8550      12.8607      12.8602      12.8592      12.8602
      12.8613      12.8616      12.8610      12.8597      12.8570      12.8542
      12.8494      12.8450      12.8429      12.8430      12.8416      12.8420
      12.8385      12.8374      12.8353      12.8327      12.8326      12.8328
      12.8311      12.8307      12.8338      12.8349      12.8328      12.8292
      12.8276      12.8259      12.8254      12.8268      12.8269      12.8230
      12.8196      12.8173      12.8176      12.8166      12.8169      12.8164
      12.8154      12.8177      12.8187      12.8219      12.8233      12.8261
      12.8291      12.8293      12.8310      12.8321      12.8344      12.8337
      12.8306      12.8298      12.8277      12.8262      12.8265      12.8293
      12.8306      12.8295      12.8283      12.8274      12.8256      12.8265
      12.8248      12.8206      12.8154      12.8123      12.8110      12.8104
      12.8103      12.8097      12.8088      12.8098      12.8101      12.8150
      12.8139      12.8122      12.8067      12.8043      12.8025      12.8008
      12.7989      12.7963      12.7951      12.7948      12.7963      12.7988
      12.7963      12.7976      12.7937      12.7943      12.7930      12.7932
      12.7967      12.8031      12.8072      12.8037      12.8019      12.7983
      12.7975      12.7964      12.7928      12.7928      12.7889      12.7841
      12.7815      12.7803      12.7810      12.7812      12.7837      12.7875
      12.7889      12.7909      12.7927      12.7946      12.7917      12.7896
      12.7896      12.7904      12.7962      12.7994      12.7979      12.7961
      12.7954      12.7950      12.7931      12.7916      12.7913      12.7922
      12.7902      12.7888      12.7876      12.7855      12.7847      12.7832
      12.7802      12.7763      12.7760      12.7750      12.7759      12.7739
      12.7720      12.7692      12.7710      12.7719      12.7752      12.7766
      12.7766      12.7735      12.7717      12.7716      12.7708      12.7690
      12.7675      12.7663      12.7668      12.7684      12.7676      12.7668
      12.7657      12.7663      12.7704      12.7718      12.7727      12.7759
      12.7754      12.7753      12.7746      12.7763      12.7822      12.7848
      12.7812      12.7785      12.7770      12.7730      12.7692      12.7717
      12.7756      12.7744      12.7723      12.7741      12.7753      12.7741
      12.7729      12.7748      12.7800      12.7831      12.7833      12.7836
      12.7842      12.7832      12.7795      12.7767      12.7780      12.7781
      12.7787      12.7784      12.7776      12.7773      12.7750      12.7712
      12.7703      12.7662      12.7691      12.7700      12.7685      12.7668
      12.7663      12.7655      12.7642      12.7626      12.7613      12.7571
      12.7542      12.7536      12.7553      12.7525      12.7474      12.7512
      12.7539      12.7520      12.7553      12.7562      12.7546      12.7518
      12.7510      12.7532      12.7540      12.7551      12.7557      12.7509
      12.7486      12.7501      12.7513      12.7554      12.7572      12.7573
      12.7525      12.7504      12.7478      12.7467      12.7462      12.7451
      12.7455      12.7463      12.7455      12.7444      12.7419      12.7419
      12.7433      12.7448      12.7454      12.7460      12.7472      12.7436
      12.7407      12.7370      12.7358      12.7356      12.7342      12.7352
      12.7388      12.7399      12.7419      12.7447      12.7444      12.7458
      12.7441      12.7443      12.7438      12.7438      12.7409      12.7454
      12.7450      12.7405      12.7396      12.7356      12.7294      12.7248
      12.7170      12.7088      12.7077      12.7088      12.7103      12.7091
      12.7092      12.7094      12.7077      12.7067      12.7044      12.7041
      12.7038      12.6985      12.6968      12.6993      12.6998      12.7000
      12.7000      12.7001      12.6972      12.6997      12.7024      12.7037
      12.7082      12.7115      12.7125      12.7097      12.7040      12.7020
      12.7022      12.7027      12.7035      12.7015      12.6999      12.6963
      12.6935      12.6951      12.6976      12.6978      12.6959      12.6945
      12.6946      12.6939      12.6953      12.6947      12.6918      12.6895
      12.6880      12.6846      12.6858      12.6892      12.6919      12.6944
      12.6929      12.6920      12.6926      12.6936      12.6954      12.6975
      12.6953      12.6944      12.6929      12.6946      12.6947      12.6910
      12.6885      12.6848      12.6876      12.6875      12.6899      12.6894
      12.6903      12.6914      12.6890      12.6849      12.6849      12.6856
      12.6872      12.6861      12.6826      12.6848      12.6865      12.6872
      12.6865      12.6898      12.6895      12.6924      12.6962      12.6966
      12.6945      12.6940      12.6931      12.6922      12.6953      12.6971
      12.6958      12.6929      12.6921      12.6925      12.6919      12.6919
      12.6938      12.6953      12.6970      12.6967      12.6943      12.6890
      12.6870      12.6839      12.6830      12.6820      12.6791      12.6764
      12.6775      12.6773      12.6780      12.6832      12.6860      12.6850
      12.6845      12.6840      12.6831      12.6835      12.6839      12.6848
      12.6839      12.6801      12.6811      12.6806      12.6798      12.6782
      12.6765      12.6781      12.6819      12.6836      12.6851      12.6845
      12.6837      12.6832      12.6812      12.6791      12.6739      12.6726
      12.6710      12.6657      12.6676      12.6691      12.6681      12.6678
      12.6684      12.6687      12.6691      12.6685      12.6691      12.6681
      12.6651      12.6667      12.6680      12.6687      12.6691      12.6691
      12.6661      12.6638      12.6597      12.6636      12.6671      12.6666
      12.6690      12.6689      12.6702      12.6692      12.6661      12.6633
      12.6643      12.6649      12.6620      12.6597      12.6578      12.6593
      12.6586      12.6628      12.6618      12.6595      12.6585      12.6633
      12.6666      12.6653      12.6657      12.6641      12.6652      12.6652
      12.6627      12.6584      12.6562      12.6570      12.6614      12.6649
      12.6621      12.6605      12.6613      12.6600      12.6581      12.6571
      12.6577      12.6574      12.6590      12.6541      12.6553      12.6527
      12.6478      12.6466      12.6470      12.6450      12.6479      12.6470
      12.6463      12.6464      12.6531      12.6527      12.6504      12.6526
      12.6527      12.6502      12.6525      12.6486      12.6483      12.6476
      12.6448      12.6457      12.6458      12.6493      12.6516      12.6535
      12.6558      12.6551      12.6523      12.6548      12.6571      12.6575
      12.6581      12.6538      12.6483      12.6435      12.6455      12.6479
      12.6447      12.6430      12.6391      12.6318      12.6290      12.6303
      12.6254      12.6185      12.6136      12.6127      12.6138      12.6120
      12.6106      12.6084      12.6086      12.6078      12.6076      12.6092
      12.6124      12.6143      12.6210      12.6241      12.6251      12.6276
      12.6326      12.6356      12.6344      12.6316      12.6344      12.6365
      12.6395      12.6368      12.6374      12.6380      12.6369      12.6369
      12.6366      12.6382      12.6365      12.6364      12.6328      12.6313
      12.6284      12.6253      12.6253      12.6260      12.6288      12.6285
      12.6264      12.6224      12.6220      12.6256      12.6246      12.6237
      12.6236      12.6196      12.6152      12.6159      12.6148      12.6165
      12.6180      12.6136      12.6087      12.6072      12.6049      12.6050
      12.6072      12.6092      12.6102      12.6139      12.6166      12.6164
      12.6178      12.6184      12.6222      12.6196      12.6154      12.6141
      12.6083      12.6067      12.6037      12.6032      12.6018      12.6011
      12.6023      12.6039      12.6006      12.6005      12.5988      12.5941
      12.5927      12.5866      12.5842      12.5845      12.5895      12.5932
      12.5956      12.5964      12.5974      12.6002      12.6023      12.6041
      12.6048      12.6044      12.6034      12.6029      12.6046      12.6058
      12.6069      12.6076      12.6076      12.6045      12.6039      12.6071
      12.6122      12.6115      12.6082      12.6036      12.6059      12.6081
      12.6059      12.6054      12.6044      12.6004      12.5996      12.6025
      12.6020      12.6016      12.6007      12.6003      12.6005      12.5992
      12.5992      12.6016      12.6006      12.5991      12.5964      12.5956
      12.5927      12.5912      12.5902      12.5884      12.5891      12.5903
      12.5925      12.5917      12.5936      12.5931      12.5906      12.5885
      12.5931      12.5962      12.5989      12.6016      12.6001      12.6022
      12.6012      12.5978      12.5967      12.6000      12.5993      12.5990
      12.5979      12.5982      12.6000      12.5972      12.5943      12.5929
      12.5941      12.5917      12.5880      12.5867      12.5883      12.5893
      12.5913      12.5886      12.5896      12.5887      12.5871      12.5856
      12.5883      12.5912      12.5888      12.5866      12.5831      12.5814
      12.5834      12.5863      12.5878      12.5847      12.5826      12.5834
      12.5801      12.5803      12.5780      12.5788      12.5788      12.5780
      12.5809      12.5831      12.5809      12.5814      12.5796      12.5813
      12.5825      12.5833      12.5817      12.5823      12.5826      12.5862
      12.5876      12.5901      12.5945      12.5979      12.5973      12.5926
      12.5903      12.5912      12.5952      12.5991      12.5998      12.5980
      12.5947      12.5935      12.5898      12.5900      12.5923      12.5922
      12.5918      12.5900      12.5893      12.5897      12.5928      12.5935
      12.5905      12.5932      12.5950      12.5947      12.5950      12.5967
      12.5967      12.5958      12.5943      12.5929      12.5884      12.5849
      12.5809      12.5830      12.5849      12.5847      12.5841      12.5814
      12.5779      12.5804      12.5833      12.5840      12.5809      12.5778
      12.5799      12.5794      12.5755      12.5734      12.5734      12.5734
      12.5701      12.5686      12.5706      12.5693      12.5687      12.5696
      12.5673      12.5692      12.5719      12.5717      12.5731      12.5767
      12.5750      12.5723      12.5694      12.5726      12.5747      12.5743
      12.5714      12.5723      12.5715      12.5724      12.5726      12.5691
      12.5702      12.5675      12.5660      12.5661      12.5669      12.5696
      12.5708      12.5705      12.5702      12.5747      12.5734      12.5748
      12.5730      12.5707      12.5710      12.5729      12.5745      12.5723
      12.5721      12.5723      12.5727      12.5686      12.5636      12.5603
      12.5548      12.5519      12.5515      12.5526      12.5561      12.5576
      12.5528      12.5511      12.5528      12.5556      12.5547      12.5523
      12.5523      12.5539      12.5545      12.5532      12.5548      12.5588
      12.5620      12.5631      12.5664      12.5700      12.5717      12.5754
      12.5759      12.5729      12.5717      12.5747      12.5791      12.5789
      12.5759      12.5760      12.5707      12.5697      12.5693      12.5657
      12.5638      12.5627      12.5626      12.5643      12.5656      12.5667
      12.5697      12.5685      12.5681      12.5690      12.5697      12.5713
      12.5716      12.5693      12.5696      12.5686      12.5698      12.5681
      12.5652      12.5666      12.5660      12.5636      12.5622      12.5607
      12.5622      12.5646      12.5655      12.5671      12.5668      12.5665
      12.5661      12.5651      12.5622      12.5585      12.5583      12.5600
      12.5617      12.5634      12.5577      12.5550      12.5598      12.5617
      12.5633      12.5608      12.5633      12.5626      12.5597      12.5535
      12.5518      12.5525      12.5564      12.5548      12.5558      12.5538
      12.5561      12.5545      12.5526      12.5516      12.5490      12.5499
      12.5511      12.5539      12.5530      12.5530      12.5522      12.5509
      12.5531      12.5563      12.5557      12.5567      12.5593      12.5591
      12.5596      12.5618      12.5621      12.5667      12.5677      12.5675
      12.5667      12.5678      12.5649      12.5583      12.5564      12.5568
      12.5520      12.5513      12.5534      12.5528      12.5527      12.5523
      12.5524      12.5491      12.5469      12.5460      12.5464      12.5450
      12.5447      12.5443      12.5482      12.5564      12.5622      12.5647
      12.5649      12.5634      12.5598      12.5615      12.5613      12.5624
      12.5633      12.5625      12.5601      12.5601      12.5559      12.5575
      12.5579      12.5568      12.5568      12.5555      12.5536      12.5557
      12.5552      12.5536      12.5568      12.5586      12.5580      12.5575
      12.5577      12.5579      12.5571      12.5588      12.5594      12.5568
      12.5544      12.5526      12.5533      12.5544      12.5548      12.5543
      12.5540      12.5539      12.5480      12.5467      12.5486      12.5507
      12.5522      12.5504      12.5492      12.5506      12.5510      12.5518
      12.5550      12.5575      12.5610      12.5621      12.5639      12.5613
      12.5595      12.5597      12.5601      12.5603      12.5602      12.5578
      12.5541      12.5533      12.5534      12.5554      12.5537      12.5561
      12.5574      12.5540      12.5524      12.5554      12.5579      12.5552
      12.5564      12.5576      12.5559      12.5527      12.5475      12.5444
      12.5436      12.5420      12.5417      12.5406      12.5421      12.5413
      12.5398      12.5405      12.5412      12.5423      12.5445      12.5451
      12.5439      12.5443      12.5430      12.5430      12.5441      12.5464
      12.5428      12.5420      12.5406      12.5436      12.5399      12.5383
      12.5401      12.5379      12.5378      12.5360      12.5355      12.5380
      12.5371      12.5354      12.5352      12.5329      12.5282      12.5268
      12.5275      12.5295      12.5289      12.5297      12.5299      12.5305
      12.5296      12.5352      12.5369      12.5381      12.5418      12.5420
      12.5433      12.5429      12.5414      12.5451      12.5439      12.5436
      12.5439      12.5449      12.5458      12.5419      12.5432      12.5470
      12.5451      12.5491      12.5530      12.5526      12.5527      12.5539
      12.5546      12.5537      12.5552      12.5546      12.5561      12.5545
      12.5544      12.5566      12.5516      12.5495      12.5532      12.5562
      12.5581      12.5583      12.5535      12.5507      12.5495      12.5502
      12.5480      12.5466      12.5500      12.5506      12.5492      12.5463
      12.5444      12.5436      12.5467      12.5453      12.5457      12.5451
      12.5470      12.5477      12.5489      12.5471      12.5460      12.5457
      12.5443      12.5429      12.5417      12.5465      12.5471      12.5443
      12.5451      12.5474      12.5487      12.5455      12.5450      12.5433
      12.5413      12.5400      12.5394      12.5360      12.5344      12.5337
      12.5325      12.5297      12.5260      12.5218      12.5215      12.5242
      12.5231      12.5209      12.5198      12.5182      12.5186      12.5186
      12.5190      12.5186      12.5185      12.5151      12.5140      12.5126
      12.5128      12.5085      12.5088      12.5118      12.5140      12.5172
      12.5163      12.5154      12.5139      12.5117      12.5119      12.5132
      12.5132      12.5115      12.5117      12.5101      12.5104      12.5127
      12.5123      12.5130      12.5097      12.5083      12.5106      12.5140
      12.5143      12.5165      12.5198      12.5216      12.5224      12.5247
      12.5260      12.5259      12.5232      12.5266      12.5266      12.5264
      12.5269      12.5234      12.5230      12.5226      12.5222      12.5224
      12.5223      12.5241      12.5260      12.5270      12.5260      12.5270
      12.5264      12.5268      12.5267      12.5260      12.5273      12.5287
      12.5281      12.5244      12.5222      12.5158      12.5139      12.5165
      12.5157      12.5125      0.00000      0.00000      0.00000      0.00000
      0.00000      0.00000      0.00000      0.00000      0.00000      0.00000
      0.00000      0.00000      0.00000      0.00000      0.00000      0.00000
      0.00000      0.00000      0.00000      0.00000      0.00000      0.00000
      0.00000      0.00000      0.00000      0.00000      0.00000      0.00000
      0.00000      0.00000      0.00000      0.00000      0.00000      0.00000
      0.00000      0.00000      0.00000      0.00000      0.00000      0.00000
      0.00000      0.00000      0.00000      0.00000      0.00000      0.00000
      0.00000      0.00000      0.00000      0.00000      0.00000      0.00000
      0.00000      0.00000      0.00000      0.00000      0.00000      0.00000
      0.00000      0.00000      0.00000      0.00000      0.00000      0.00000
      0.00000      0.00000      0.00000      0.00000      0.00000      0.00000
      0.00000      0.00000      0.00000      0.00000      0.00000      0.00000
      0.00000      0.00000      0.00000      0.00000      0.00000      0.00000
      0.00000      0.00000      0.00000      0.00000      0.00000      0.00000
      0.00000      0.00000      0.00000      0.00000      0.00000      0.00000
      0.00000      0.00000      0.00000      0.00000      0.00000      0.00000
      0.00000      0.00000      0.00000      0.00000      0.00000      0.00000
      0.00000      0.00000      0.00000      0.00000      0.00000      0.00000
      0.00000      0.00000      0.00000      0.00000      0.00000      0.00000
      0.00000      0.00000      0.00000      0.00000      0.00000      0.00000
      0.00000      0.00000      0.00000      0.00000      0.00000      0.00000
      0.00000      0.00000      0.00000      0.00000      0.00000      0.00000
      0.00000      0.00000      0.00000      0.00000      0.00000      0.00000
      0.00000      0.00000      0.00000      0.00000      0.00000      0.00000
      0.00000      0.00000      0.00000      0.00000      0.00000      0.00000
      0.00000      0.00000      0.00000      0.00000      0.00000      0.00000
      0.00000      0.00000      0.00000      0.00000      0.00000      0.00000
      0.00000      0.00000      0.00000      0.00000      0.00000      0.00000
      0.00000      0.00000      0.00000      0.00000      0.00000      0.00000
      0.00000      0.00000      0.00000      0.00000      0.00000      0.00000
      0.00000      0.00000      0.00000      0.00000      0.00000      0.00000
      0.00000      0.00000      0.00000      0.00000      0.00000      0.00000
      0.00000      0.00000      0.00000      0.00000      0.00000      0.00000
      0.00000      0.00000      0.00000      0.00000      0.00000      0.00000
      0.00000      0.00000      0.00000      0.00000      0.00000      0.00000
      0.00000      0.00000      0.00000      0.00000      0.00000      0.00000
      0.00000      0.00000      0.00000      0.00000      0.00000      0.00000
      0.00000      0.00000      0.00000      0.00000      0.00000      0.00000
      0.00000      0.00000      0.00000      0.00000      0.00000      0.00000
      0.00000      0.00000      0.00000      0.00000      0.00000      0.00000
      0.00000      0.00000      0.00000      0.00000      0.00000      0.00000
      0.00000      0.00000      0.00000      0.00000      0.00000      0.00000
      0.00000      0.00000      0.00000      0.00000      0.00000      0.00000
      0.00000      0.00000      0.00000      0.00000      0.00000      0.00000
      0.00000      0.00000      0.00000      0.00000      0.00000      0.00000
      0.00000      0.00000      0.00000      0.00000      0.00000      0.00000
      0.00000      0.00000      0.00000      0.00000      0.00000      0.00000
      0.00000      0.00000      0.00000      0.00000      0.00000      0.00000
      0.00000      0.00000      0.00000      0.00000      0.00000      0.00000
      0.00000      0.00000      0.00000      0.00000      0.00000      0.00000
      0.00000      0.00000      0.00000      0.00000      0.00000      0.00000
      0.00000      0.00000      0.00000      0.00000      0.00000      0.00000
      0.00000      0.00000      0.00000      0.00000      0.00000      0.00000
      0.00000      0.00000      0.00000      0.00000      0.00000      0.00000
      0.00000      0.00000      0.00000      0.00000      0.00000      0.00000
      0.00000      0.00000      0.00000      0.00000      0.00000      0.00000
      0.00000      0.00000      0.00000      0.00000      0.00000      0.00000
      0.00000      0.00000      0.00000      0.00000      0.00000      0.00000
      0.00000      0.00000      0.00000      0.00000      0.00000      0.00000
      0.00000      0.00000      0.00000      0.00000      0.00000      0.00000
      0.00000      0.00000      0.00000      0.00000      0.00000      0.00000
      0.00000      0.00000      0.00000      0.00000      0.00000      0.00000
      0.00000      0.00000      0.00000      0.00000      0.00000      0.00000
      0.00000      0.00000      0.00000      0.00000      0.00000      0.00000
      0.00000      0.00000      0.00000      0.00000      0.00000      0.00000
      0.00000      0.00000      0.00000      0.00000      0.00000      0.00000
      0.00000      0.00000      0.00000      0.00000      0.00000      0.00000
      0.00000      0.00000      0.00000      0.00000      0.00000      0.00000
      0.00000      0.00000      0.00000      0.00000      0.00000      0.00000
      0.00000      0.00000      0.00000      0.00000      0.00000      0.00000
      0.00000      0.00000      0.00000      0.00000      0.00000      0.00000
      0.00000      0.00000      0.00000      0.00000      0.00000      0.00000
      0.00000      0.00000      0.00000      0.00000      0.00000      0.00000
      0.00000      0.00000      0.00000      0.00000      0.00000      0.00000
      0.00000      0.00000      0.00000      0.00000      0.00000      0.00000
      0.00000      0.00000      0.00000      0.00000      0.00000      0.00000
      0.00000      0.00000      0.00000      0.00000      0.00000      0.00000
      0.00000      0.00000      0.00000      0.00000      0.00000      0.00000
      0.00000      0.00000      0.00000      0.00000      0.00000      0.00000
      0.00000      0.00000      0.00000      0.00000      0.00000      0.00000
      0.00000      0.00000      0.00000      0.00000      0.00000      0.00000
      0.00000      0.00000      0.00000      0.00000      0.00000      0.00000
      0.00000      0.00000      0.00000      0.00000      0.00000      0.00000
      0.00000      0.00000      0.00000      0.00000      0.00000      0.00000
      0.00000      0.00000      0.00000      0.00000      0.00000      0.00000
      0.00000      0.00000      0.00000      0.00000      0.00000      0.00000
      0.00000      0.00000      0.00000      0.00000      0.00000      0.00000
      0.00000      0.00000      0.00000      0.00000      0.00000      0.00000
      0.00000      0.00000      0.00000      0.00000      0.00000      0.00000
      0.00000      0.00000      0.00000      0.00000      0.00000      0.00000
      0.00000      0.00000      0.00000      0.00000      0.00000      0.00000
      0.00000      0.00000      0.00000      0.00000      0.00000      0.00000
      0.00000      0.00000      0.00000      0.00000      0.00000      0.00000
      0.00000      0.00000      0.00000      0.00000      0.00000      0.00000
      0.00000      0.00000      0.00000      0.00000      0.00000      0.00000
      0.00000      0.00000      0.00000      0.00000      0.00000      0.00000
      0.00000      0.00000      0.00000      0.00000      0.00000      0.00000
      0.00000      0.00000      0.00000      0.00000      0.00000      0.00000
      0.00000      0.00000      0.00000      0.00000      0.00000      0.00000
      0.00000      0.00000      0.00000      0.00000      0.00000      0.00000
      0.00000      0.00000      0.00000      0.00000      0.00000      0.00000
      0.00000      0.00000      0.00000      0.00000      0.00000      0.00000
      0.00000      0.00000      0.00000      0.00000      0.00000      0.00000
      0.00000      0.00000      0.00000      0.00000      0.00000      0.00000
      0.00000      0.00000      0.00000      0.00000      0.00000      0.00000
      0.00000      0.00000      0.00000      0.00000      0.00000      0.00000
      0.00000      0.00000      0.00000      0.00000      0.00000      0.00000
      0.00000      0.00000      0.00000      0.00000      0.00000      0.00000
      0.00000      0.00000      0.00000      0.00000      0.00000      0.00000
      0.00000      0.00000      0.00000      0.00000      0.00000      0.00000
      0.00000      0.00000      0.00000      0.00000      0.00000      0.00000
      0.00000      0.00000      0.00000      0.00000      0.00000      0.00000
      0.00000      0.00000      0.00000      0.00000      0.00000      0.00000
      0.00000      0.00000      0.00000      0.00000      0.00000      0.00000
      0.00000      0.00000      0.00000      0.00000      0.00000      0.00000
      0.00000      0.00000      0.00000      0.00000      0.00000      0.00000
      0.00000      0.00000      0.00000      0.00000      0.00000      0.00000
      0.00000      0.00000      0.00000      0.00000      0.00000      0.00000
      0.00000      0.00000      0.00000      0.00000      0.00000      0.00000
      0.00000      0.00000      0.00000      0.00000      0.00000      0.00000
      0.00000      0.00000      0.00000      0.00000      0.00000      0.00000
      0.00000      0.00000      0.00000      0.00000      0.00000      0.00000
      0.00000      0.00000      0.00000      0.00000      0.00000      0.00000
      0.00000      0.00000      0.00000      0.00000      0.00000      0.00000
      0.00000      0.00000      0.00000      0.00000      0.00000      0.00000
      0.00000      0.00000      0.00000      0.00000      0.00000      0.00000
      0.00000      0.00000      0.00000      0.00000      0.00000      0.00000
      0.00000      0.00000      0.00000      0.00000      0.00000      0.00000
      0.00000      0.00000      0.00000      0.00000      0.00000      0.00000
      0.00000      0.00000      0.00000      0.00000      0.00000      0.00000
      0.00000      0.00000      0.00000      0.00000      0.00000      0.00000
      0.00000      0.00000      0.00000      0.00000      0.00000      0.00000
      0.00000      0.00000      0.00000      0.00000      0.00000      0.00000
      0.00000      0.00000      0.00000      0.00000      0.00000      0.00000
      0.00000      0.00000      0.00000      0.00000      0.00000      0.00000
      0.00000      0.00000      0.00000      0.00000      0.00000      0.00000
      0.00000      0.00000      0.00000      0.00000      0.00000      0.00000
      0.00000      0.00000      0.00000      0.00000      0.00000      0.00000
      0.00000      0.00000      0.00000      0.00000      0.00000      0.00000
      0.00000      0.00000      0.00000      0.00000      0.00000      0.00000
      0.00000      0.00000      0.00000      0.00000      0.00000      0.00000
      0.00000      0.00000      0.00000      0.00000      0.00000      0.00000
      0.00000      0.00000      0.00000      0.00000      0.00000      0.00000
      0.00000      0.00000      0.00000      0.00000      0.00000      0.00000
      0.00000      0.00000      0.00000      0.00000      0.00000      0.00000
      0.00000      0.00000      0.00000      0.00000      0.00000      0.00000
      0.00000      0.00000      0.00000      0.00000      0.00000      0.00000
      0.00000      0.00000      0.00000      0.00000      0.00000      0.00000
      0.00000      0.00000      0.00000      0.00000      0.00000      0.00000
      0.00000      0.00000      0.00000      0.00000      0.00000      0.00000
      0.00000      0.00000      0.00000      0.00000      0.00000      0.00000
      0.00000      0.00000      0.00000      0.00000      0.00000      0.00000
      0.00000      0.00000      0.00000      0.00000      0.00000      0.00000
      0.00000      0.00000      0.00000      0.00000      0.00000      0.00000
      0.00000      0.00000      0.00000      0.00000      0.00000      0.00000
      0.00000      0.00000      0.00000      0.00000      0.00000      0.00000
      0.00000      0.00000      0.00000      0.00000      0.00000      0.00000
      0.00000      0.00000      0.00000      0.00000      0.00000      0.00000
      0.00000      0.00000      0.00000      0.00000      0.00000      0.00000
      0.00000      0.00000      0.00000      0.00000      0.00000      0.00000
      0.00000      0.00000      0.00000      0.00000      0.00000      0.00000
      0.00000      0.00000      0.00000      0.00000      0.00000      0.00000
      0.00000      0.00000      0.00000      0.00000      0.00000      0.00000
      0.00000      0.00000      0.00000      0.00000      0.00000      0.00000
      0.00000      0.00000      0.00000      0.00000      0.00000      0.00000
      0.00000      0.00000      0.00000      0.00000      0.00000      0.00000
