    2000
      15.1368      15.1283      15.1228      15.1222      15.1206      15.1176
      15.1183      15.1197      15.1227      15.1202      15.1100      15.1002
      15.0898      15.0850      15.0771      15.0651      15.0574      15.0476
      15.0353      15.0232      15.0078      14.9931      14.9789      14.9659
      14.9528      14.9465      14.9368      14.9324      14.9214      14.9144
      14.9022      14.8901      14.8797      14.8711      14.8587      14.8495
      14.8377      14.8310      14.8181      14.8073      14.8011      14.7919
      14.7838      14.7722      14.7640      14.7549      14.7438      14.7309
      14.7161      14.7075      14.7013      14.6917      14.6846      14.6772
      14.6717      14.6671      14.6557      14.6452      14.6322      14.6178
      14.6104      14.6013      14.5974      14.5824      14.5716      14.5602
      14.5520      14.5470      14.5394      14.5341      14.5289      14.5226
      14.5217      14.5184      14.5153      14.5089      14.5010      14.4931
      14.4887      14.4813      14.4784      14.4731      14.4658      14.4562
      14.4451      14.4399      14.4362      14.4326      14.4328      14.4275
      14.4246      14.4179      14.4123      14.4030      14.3968      14.3900
      14.3877      14.3868      14.3830      14.3791      14.3736      14.3628
      14.3558      14.3467      14.3441      14.3394      14.3326      14.3246
      14.3182      14.3150      14.3143      14.3091      14.3069      14.3026
      14.2963      14.2913      14.2928      14.2911      14.2864      14.2867
      14.2838      14.2777      14.2795      14.2720      14.2657      14.2583
      14.2568      14.2526      14.2489      14.2465      14.2406      14.2357
      14.2275      14.2268      14.2309      14.2348      14.2300      14.2322
      14.2260      14.2166      14.2120      14.2084      14.2047      14.1992
      14.1908      14.1884      14.1870      14.1868      14.1873      14.1847
      14.1868      14.1887      14.1958      14.1927      14.1926      14.1912
      14.1900      14.1895      14.1864      14.1867      14.1890      14.1840
      14.1829      14.1843      14.1832      14.1819      14.1756      14.1743
      14.1733      14.1742      14.1695      14.1640      14.1589      14.1587
      14.1516      14.1439      14.1433      14.1429      14.1451      14.1419
      14.1468      14.1492      14.1455      14.1426      14.1398      14.1334
      14.1329      14.1234      14.1182      14.1171      14.1116      14.1096
      14.1079      14.1079      14.1060      14.1037      14.1008      14.0963
      14.0874      14.0930      14.0930      14.0873      14.0837      14.0833
      14.0836      14.0806      14.0763      14.0749      14.0729      14.0749
      14.0768      14.0778      14.0755      14.0728      14.0741      14.0769
      14.0772      14.0785      14.0767      14.0707      14.0710      14.0689
      14.0669      14.0614      14.0640      14.0606      14.0576      14.0573
      14.0545      14.0493      14.0479      14.0474      14.0453      14.0459
      14.0454      14.0450      14.0470      14.0498      14.0490      14.0511
      14.0557      14.0579      14.0600      14.0542      14.0548      14.0505
      14.0512      14.0441      14.0436      14.0432      14.0424      14.0409
      14.0378      14.0412      14.0394      14.0373      14.0372      14.0374
      14.0353      14.0316      14.0279      14.0220      14.0201      14.0259
      14.0276      14.0297      14.0252      14.0319      14.0370      14.0378
      14.0379      14.0404      14.0391      14.0336      14.0316      14.0301
      14.0225      14.0202      14.0175      14.0161      14.0198      14.0227
      14.0238      14.0202      14.0217      14.0226      14.0194      14.0205
      14.0230      14.0242      14.0237      14.0292      14.0342      14.0414
      14.0465      14.0464      14.0433      14.0442      14.0437      14.0457
      14.0487      14.0472      14.0437      14.0387      14.0376      14.0319
      14.0328      14.0312      14.0307      14.0317      14.0248      14.0203
      14.0174      14.0198      14.0161      14.0172      14.0173      14.0193
      14.0181      14.0224      14.0195      14.0249      14.0272      14.0287
      14.0297      14.0326      14.0307      14.0240      14.0247      14.0260
      14.0207      14.0233      14.0208      14.0155      14.0076      14.0038
      14.0019      14.0034      14.0010      14.0053      14.0085      14.0045
      14.0030      13.9974      13.9945      13.9919      13.9903      13.9866
      13.9858      13.9873      13.9877      13.9875      13.9909      13.9851
      13.9841      13.9787      13.9744      13.9707      13.9761      13.9710
      13.9704      13.9694      13.9688      13.9616      13.9613      13.9574
      13.9542      13.9507      13.9504      13.9533      13.9457      13.9484
      13.9434      13.9432      13.9490      13.9542      13.9554      13.9530
      13.9589      13.9577      13.9523      13.9534      13.9491      13.9489
      13.9550      13.9552      13.9626      13.9592      13.9585      13.9558
      13.9593      13.9577      13.9556      13.9480      13.9533      13.9548
      13.9468      13.9417      13.9481      13.9436      13.9444      13.9370
      13.9284      13.9280      13.9221      13.9206      13.9196      13.9220
      13.9227      13.9209      13.9119      13.9055      13.9016      13.8998
      13.8951      13.8884      13.8923      13.8943      13.8956      13.8963
      13.8936      13.8881      13.8886      13.8897      13.8909      13.8910
      13.8903      13.8860      13.8874      13.8819      13.8828      13.8795
      13.8789      13.8833      13.8822      13.8796      13.8786      13.8778
      13.8809      13.8790      13.8785      13.8726      13.8755      13.8764
      13.8794      13.8818      13.8827      13.8786      13.8730      13.8678
      13.8654      13.8615      13.8578      13.8552      13.8501      13.8471
      13.8485      13.8482      13.8444      13.8409      13.8382      13.8345
      13.8339      13.8317      13.8326      13.8311      13.8318      13.8338
      13.8367      13.8427      13.8397      13.8281      13.8283      13.8246
      13.8189      13.8150      13.8140      13.8121      13.8075      13.8020
      13.7988      13.7964      13.7923      13.7924      13.7967      13.7973
      13.7990      13.7952      13.7970      13.7983      13.7973      13.7961
      13.7974      13.8006      13.8009      13.8003      13.7937      13.7926
      13.7883      13.7907      13.7858      13.7853      13.7822      13.7799
      13.7738      13.7702      13.7738      13.7764      13.7796      13.7834
      13.7855      13.7865      13.7872      13.7852      13.7826      13.7858
      13.7841      13.7843      13.7856      13.7876      13.7883      13.7874
      13.7873      13.7900      13.7878      13.7889      13.7912      13.7898
      13.7952      13.7957      13.7969      13.7922      13.7945      13.7869
      13.7766      13.7715      13.7754      13.7702      13.7644      13.7675
      13.7664      13.7646      13.7682      13.7675      13.7620      13.7627
      13.7650      13.7628      13.7604      13.7559      13.7533      13.7540
      13.7577      13.7598      13.7581      13.7601      13.7548      13.7486
      13.7469      13.7451      13.7463      13.7499      13.7437      13.7437
      13.7447      13.7477      13.7523      13.7560      13.7519      13.7486
      13.7456      13.7410      13.7331      13.7366      13.7359      13.7342
      13.7333      13.7316      13.7336      13.7295      13.7252      13.7251
      13.7205      13.7248      13.7238      13.7234      13.7259      13.7249
      13.7223      13.7173      13.7180      13.7189      13.7201      13.7192
      13.7239      13.7240      13.7198      13.7171      13.7205      13.7178
      13.7122      13.7126      13.7104      13.7147      13.7179      13.7188
      13.7171      13.7155      13.7142      13.7083      13.7001      13.6988
      13.6960      13.6917      13.6880      13.6867      13.6830      13.6793
      13.6801      13.6756      13.6733      13.6760      13.6759      13.6750
      13.6749      13.6788      13.6743      13.6681      13.6649      13.6672
      13.6658      13.6608      13.6609      13.6606      13.6615      13.6650
      13.6648      13.6666      13.6649      13.6623      13.6664      13.6691
      13.6666      13.6642      13.6588      13.6599      13.6585      13.6571
      13.6596      13.6638      13.6615      13.6626      13.6627      13.6592
      13.6642      13.6634      13.6647      13.6608      13.6611      13.6604
      13.6617      13.6566      13.6568      13.6535      13.6500      13.6486
      13.6495      13.6513      13.6520      13.6486      13.6484      13.6485
      13.6467      13.6451      13.6411      13.6375      13.6392      13.6341
      13.6337      13.6298      13.6310      13.6382      13.6358      13.6320
      13.6292      13.6287      13.6319      13.6272      13.6240      13.6242
      13.6219      13.6194      13.6211      13.6250      13.6203      13.6219
      13.6178      13.6142      13.6095      13.6127      13.6110      13.6121
      13.6113      13.6122      13.6128      13.6130      13.6098      13.6084
      13.6100      13.6097      13.6078      13.6073      13.6069      13.6020
      13.6033      13.6070      13.6061      13.6050      13.6029      13.6052
      13.6067      13.6062      13.6061      13.6003      13.6013      13.6011
      13.6027      13.5998      13.6000      13.6068      13.6123      13.6103
      13.6105      13.6120      13.6109      13.6133      13.6202      13.6175
      13.6129      13.6160      13.6121      13.6093      13.6092      13.6073
      13.6057      13.6007      13.5991      13.5955      13.5953      13.5928
      13.5884      13.5834      13.5844      13.5807      13.5828      13.5774
      13.5714      13.5726      13.5678      13.5729      13.5705      13.5690
      13.5741      13.5757      13.5732      13.5669      13.5661      13.5667
      13.5629      13.5659      13.5646      13.5624      13.5605      13.5570
      13.5586      13.5609      13.5617      13.5594      13.5608      13.5628
      13.5590      13.5553      13.5501      13.5499      13.5540      13.5524
      13.5555      13.5553      13.5571      13.5539      13.5571      13.5571
      13.5581      13.5549      13.5577      13.5649      13.5658      13.5696
      13.5666      13.5630      13.5650      13.5673      13.5693      13.5686
      13.5667      13.5674      13.5662      13.5631      13.5615      13.5647
      13.5727      13.5688      13.5646      13.5629      13.5605      13.5629
      13.5650      13.5706      13.5704      13.5708      13.5739      13.5760
      13.5752      13.5746      13.5685      13.5702      13.5706      13.5680
      13.5678      13.5648      13.5645      13.5645      13.5587      13.5517
      13.5534      13.5581      13.5586      13.5591      13.5574      13.5566
      13.5525      13.5459      13.5434      13.5406      13.5386      13.5430
      13.5491      13.5482      13.5508      13.5541      13.5522      13.5537
      13.5493      13.5449      13.5492      13.5496      13.5489      13.5523
      13.5521      13.5490      13.5515      13.5513      13.5439      13.5387
      13.5432      13.5430      13.5465      13.5439      13.5407      13.5378
      13.5316      13.5292      13.5291      13.5322      13.5304      13.5318
      13.5277      13.5271      13.5254      13.5247      13.5203      13.5213
      13.5227      13.5197      13.5220      13.5210      13.5210      13.5194
      13.5209      13.5228      13.5230      13.5231      13.5212      13.5205
      13.5203      13.5261      13.5224      13.5205      13.5269      13.5309
      13.5352      13.5394      13.5370      13.5373      13.5376      13.5320
      13.5301      13.5292      13.5288      13.5251      13.5205      13.5189
      13.5184      13.5193      13.5100      13.5138      13.5117      13.5089
      13.5094      13.5076      13.5050      13.5079      13.5113      13.5105
      13.5076      13.5038      13.5120      13.5131      13.5106      13.5144
      13.5174      13.5155      13.5163      13.5157      13.5170      13.5157
      13.5114      13.5095      13.5088      13.5088      13.5109      13.5095
      13.5047      13.5029      13.5025      13.4984      13.4967      13.4946
      13.4913      13.4884      13.4886      13.4830      13.4804      13.4788
      13.4773      13.4782      13.4765      13.4754      13.4755      13.4771
      13.4766      13.4786      13.4788      13.4814      13.4855      13.4846
      13.4807      13.4757      13.4769      13.4719      13.4655      13.4632
      13.4628      13.4609      13.4559      13.4528      13.4509      13.4499
      13.4538      13.4565      13.4497      13.4496      13.4501      13.4497
      13.4457      13.4451      13.4461      13.4453      13.4446      13.4379
      13.4370      13.4360      13.4397      13.4410      13.4405      13.4397
      13.4392      13.4377      13.4392      13.4420      13.4392      13.4365
      13.4321      13.4327      13.4292      13.4253      13.4257      13.4234
      13.4201      13.4209      13.4211      13.4162      13.4112      13.4114
      13.4091      13.4046      13.4067      13.4093      13.4109      13.4112
      13.4139      13.4136      13.4142      13.4149      13.4147      13.4122
      13.4125      13.4120      13.4124      13.4124      13.4175      13.4198
      13.4232      13.4218      13.4208      13.4235      13.4224      13.4242
      13.4292      13.4297      13.4282      13.4298      13.4266      13.4243
      13.4310      13.4291      13.4256      13.4258      13.4209      13.4234
      13.4226      13.4258      13.4285      13.4246      13.4272      13.4226
      13.4204      13.4216      13.4191      13.4168      13.4135      13.4132
      13.4159      13.4176      13.4183      13.4156      13.4167      13.4145
      13.4123      13.4105      13.4100      13.4096      13.4085      13.4054
      13.4006      13.4005      13.3994      13.3970      13.3968      13.3993
      13.4033      13.4038      13.3983      13.4041      13.4049      13.3962
      13.3923      13.3931      13.3997      13.4031      13.3975      13.3956
      13.4027      13.4030      13.4013      13.3998      13.3992      13.3976
      13.3951      13.3971      13.4035      13.4048      13.4018      13.4053
      13.4056      13.4061      13.4052      13.4052      13.4057      13.4057
      13.4063      13.4149      13.4160      13.4174      13.4211      13.4218
      13.4208      13.4241      13.4187      13.4217      13.4286      13.4220
      13.4225      13.4236      13.4237      13.4253      13.4254      13.4254
      13.4227      13.4217      13.4181      13.4188      13.4209      13.4212
      13.4214      13.4219      13.4172      13.4162      13.4182      13.4215
      13.4176      13.4156      13.4196      13.4209      13.4172      13.4177
      13.4126      13.4128      13.4148      13.4134      13.4172      13.4127
      13.4073      13.4053      13.4069      13.4052      13.4017      13.3993
      13.4021      13.4018      13.4005      13.4004      13.3994      13.4014
      13.3972      13.4034      13.4034      13.4022      13.4028      13.3989
      13.3897      13.3831      13.3848      13.3800      13.3778      13.3746
      13.3756      13.3700      13.3693      13.3676      13.3617      13.3577
      13.3585      13.3635      13.3649      13.3672      13.3700      13.3743
      13.3727      13.3710      13.3687      13.3739      13.3768      13.3708
      13.3669      13.3646      13.3669      13.3657      13.3599      13.3637
      13.3602      13.3589      13.3550      13.3509      13.3464      13.3487
      13.3486      13.3499      13.3509      13.3515      13.3491      13.3427
      13.3458      13.3475      13.3505      13.3426      13.3425      13.3445
      13.3421      13.3457      13.3494      13.3525      13.3512      13.3550
      13.3565      13.3537      13.3526      13.3530      13.3550      13.3547
      13.3503      13.3481      13.3449      13.3444      13.3393      13.3387
      13.3381      13.3384      13.3420      13.3404      13.3393      13.3402
      13.3369      13.3410      13.3435      13.3423      13.3444      13.3417
      13.3376      13.3384      13.3445      13.3429      13.3414      13.3447
      13.3473      13.3429      13.3390      13.3342      13.3323      13.3296
      13.3339      13.3315      13.3302      13.3266      13.3202      13.3186
      13.3188      13.3160      13.3110      13.3065      13.3067      13.3097
      13.3114      13.3084      13.3047      13.3052      13.3084      13.3161
      13.3157      13.3201      13.3193      13.3156      13.3143      13.3145
      13.3150      13.3157      13.3155      13.3171      13.3134      13.3062
      13.3090      13.3070      13.3026      13.3023      13.3041      13.3042
      13.3037      13.3036      13.3055      13.2998      13.3029      13.3017
      13.3041      13.3037      13.3050      13.3080      13.3052      13.3045
      13.3079      13.3089      13.3063      13.3048      13.3036      13.3016
      13.3024      13.2992      13.2970      13.2970      13.2980      13.2975
      13.2995      13.3008      13.3036      13.3021      13.3024      13.3015
      13.2953      13.2981      13.2986      13.2998      13.3011      13.2992
      13.2950      13.2949      13.2979      13.2938      13.2930      13.2898
      13.2890      13.2900      13.2906      13.2840      13.2825      13.2855
      13.2928      13.2959      13.2932      13.2881      13.2883      13.2896
      13.2829      13.2822      13.2852      13.2919      13.2918      13.2913
      13.2952      13.2955      13.2956      13.2960      13.2890      13.2903
      13.2928      13.2954      13.2984      13.3005      13.2953      13.2942
      13.2932      13.2928      13.2896      13.2919      13.2926      13.2915
      13.2894      13.2881      13.2890      13.2957      13.2993      13.2951
      13.2959      13.2988      13.2956      13.2976      13.2949      13.2884
      13.2899      13.2943      13.2905      13.2854      13.2791      13.2792
      13.2781      13.2772      13.2773      13.2820      13.2780      13.2805
      13.2803      13.2790      13.2787      13.2745      13.2721      13.2700
      13.2733      13.2729      13.2694      13.2695      13.2741      13.2735
      13.2748      13.2731      13.2707      13.2710      13.2747      13.2702
      13.2669      13.2635      13.2628      13.2683      13.2665      13.2643
      13.2642      13.2634      13.2683      13.2680      13.2635      13.2626
      13.2599      13.2571      13.2534      13.2509      13.2581      13.2592
      13.2654      13.2684      13.2632      13.2595      13.2629      13.2575
      13.2568      13.2549      13.2587      13.2594      13.2567      13.2574
      13.2665      13.2725      13.2706      13.2721      13.2713      13.2695
      13.2675      13.2655      13.2625      13.2632      13.2678      13.2640
      13.2624      13.2624      13.2640      13.2660      13.2668      13.2657
      13.2700      13.2725      13.2665      13.2644      13.2631      13.2592
      13.2600      13.2624      13.2640      13.2633      13.2697      13.2713
      13.2701      13.2735      13.2746      13.2719      13.2719      13.2749
      13.2745      13.2679      13.2667      13.2634      13.2607      13.2609
      13.2614      13.2616      13.2549      13.2572      13.2579      13.2576
      13.2559      13.2628      13.2665      13.2669      13.2653      13.2614
      13.2628      13.2645      13.2618      13.2613      13.2616      13.2596
      13.2526      13.2579      13.2537      13.2553      13.2601      13.2591
      13.2567      13.2584      13.2518      13.2515      13.2503      13.2491
      13.2493      13.2504      13.2473      13.2500      13.2587      13.2597
      13.2600      13.2568      13.2518      13.2471      13.2463      13.2475
      13.2516      13.2532      13.2605      13.2588      13.2629      13.2638
      13.2679      13.2710      13.2703      13.2677      13.2726      13.2714
      13.2729      13.2742      13.2716      13.2695      13.2695      13.2654
      13.2671      13.2644      13.2600      13.2585      13.2596      13.2599
      13.2638      13.2601      13.2607      13.2569      13.2557      13.2527
      13.2555      13.2521      13.2457      13.2411      13.2436      13.2468
      13.2489      13.2458      13.2487      13.2487      13.2509      13.2528
      13.2510      13.2493      13.2535      13.2511      13.2544      13.2599
      13.2662      13.2701      13.2679      13.2617      13.2636      13.2636
      13.2610      13.2612      13.2616      13.2597      13.2663      13.2684
      13.2705      13.2709      13.2718      13.2696      13.2682      13.2689
      13.2625      13.2610      13.2578      13.2576      13.2521      13.2489
      13.2509      13.2527      13.2522      13.2505      13.2474      13.2529
      13.2508      13.2545      13.2564      13.2576      13.2585      13.2590
      13.2585      13.2620      13.2622      13.2630      13.2621      13.2654
      13.2647      13.2642      13.2608      13.2645      13.2627      13.2654
      13.2696      13.2671      13.2694      13.2726      13.2751      13.2707
      13.2675      13.2672      13.2650      13.2627      13.2640      13.2581
      13.2597      13.2570      13.2589      13.2591      13.2581      13.2550
      13.2544      13.2552      13.2588      13.2535      13.2540      13.2578
      13.2564      13.2580      13.2598      13.2545      13.2566      13.2622
      13.2598      13.2506      13.2480      13.2522      13.2526      13.2498
      13.2538      13.2533      13.2516      13.2561      13.2583      13.2546
      13.2545      13.2565      13.2576      13.2577      13.2599      13.2576
      13.2639      13.2547      13.2497      13.2464      13.2436      13.2494
      13.2500      13.2501      13.2507      13.2450      13.2473      13.2468
      13.2444      13.2460      13.2437      13.2453      13.2418      13.2467
      13.2495      13.2470      13.2412      13.2417      13.2375      13.2333
      13.2321      13.2308      13.2315      13.2319      13.2327      13.2292
      13.2314      13.2299      13.2281      13.2257      13.2225      13.2251
      13.2271      13.2261      13.2234      13.2186      13.2164      13.2179
      13.2195      13.2197      13.2216      13.2213      13.2232      13.2254
      13.2279      13.2309      13.2338      13.2309      13.2275      13.2286
      13.2269      13.2247      13.2245      13.2250      13.2223      13.2250
      13.2282      13.2270      13.2228      13.2269      13.2340      13.2341
      13.2306      13.2256      13.2256      13.2224      13.2198      13.2219
      13.2160      13.2140      13.2184      13.2172      13.2205      13.2203
      13.2178      13.2187      13.2225      13.2220      13.2220      13.2222
      13.2161      13.2176      13.2137      13.2199      13.2183      13.2160
      13.2149      13.2161      13.2193      13.2174      13.2211      13.2225
      13.2229      13.2212      13.2182      13.2159      13.2144      13.2149
      13.2203      13.2198      13.2238      13.2220      13.2227      13.2224
      13.2171      13.2159      13.2132      13.2116      13.2130      13.2083
      13.2020      13.2083      13.2089      13.2065      13.2080      13.2087
      13.2116      13.2139      13.2129      13.2198      13.2105      13.2108
      13.2102      13.2103      13.2135      13.2105      13.2133      13.2113
      13.2129      13.2135      13.2118      13.2079      13.2090      13.2096
      13.2125      13.2117      13.2124      13.2128      13.2157      13.2181
      13.2217      13.2139      13.2118      13.2143      13.2119      13.2092
      13.2091      13.2111      13.2128      13.2138      13.2143      13.2125
      13.2133      13.2135      13.2094      13.2108      13.2153      13.2178
      13.2237      13.2241      13.2253      13.2258      13.2226      13.2199
      13.2208      13.2153      13.2074      13.2043      13.2093      13.2093
      13.2107      13.2106      13.2148      13.2116      13.2093      13.2069
      13.2044      13.1998      13.2015      13.1977      13.2037      13.1989
      13.1965      13.1941      13.1949      13.1980      13.1977      13.1917
      13.1911      13.1962      13.1981      13.2011      13.2018      13.1985
      13.1970      13.2010      13.2047      13.2055      13.2051      13.2032
      13.2037      13.2022      13.2014      13.2017      13.1967      13.2023
      13.2015      13.2048      13.2055      13.2050      13.2053      13.2066
      13.2026      13.2023      13.2002      13.1955      13.1910      13.1965
      13.1977      13.1986      13.1961      13.2003      13.2037      13.2066
      13.2137      13.2113      13.2127      13.2116      13.2152      13.2178
      13.2196      13.2142      13.2117      13.2127      13.2099      13.2066
      13.2043      13.2049      13.2028      13.2067      13.2058      13.2037
      13.2006      13.1957      13.1973      13.2003      13.2028      13.1994
      13.1971      13.1963      13.1951      13.1906      13.1906      13.1905
      13.1957      13.1957      13.1940      13.1924      13.1946      13.1971
      13.1956      13.1966      13.1969      13.1971      13.1979      13.1994
      13.1991      13.1965      13.1910      13.1923      13.1895      13.1908
      13.1921      13.1908      13.1889      13.1812      13.1834      13.1830
      13.1809      13.1792      13.1782      13.1796      13.1809      13.1856
      13.1890      13.1912      13.1876      13.1874      13.1871      13.1886
      13.1856      13.1854      13.1868      13.1869      13.1881      13.1898
      13.1909      13.1872      13.1898      13.1891      13.1865      13.1841
      13.1793      13.1789      13.1802      13.1829      13.1885      13.1856
      13.1841      13.1892      13.1896      13.1892      13.1893      13.1838
      13.1754      13.1695      13.1685      13.1662      13.1697      13.1670
      13.1635      13.1626      0.00000      0.00000      0.00000      0.00000
      0.00000      0.00000      0.00000      0.00000      0.00000      0.00000
      0.00000      0.00000      0.00000      0.00000      0.00000      0.00000
      0.00000      0.00000      0.00000      0.00000      0.00000      0.00000
      0.00000      0.00000      0.00000      0.00000      0.00000      0.00000
      0.00000      0.00000      0.00000      0.00000      0.00000      0.00000
      0.00000      0.00000      0.00000      0.00000      0.00000      0.00000
      0.00000      0.00000      0.00000      0.00000      0.00000      0.00000
      0.00000      0.00000      0.00000      0.00000      0.00000      0.00000
      0.00000      0.00000      0.00000      0.00000      0.00000      0.00000
      0.00000      0.00000      0.00000      0.00000      0.00000      0.00000
      0.00000      0.00000      0.00000      0.00000      0.00000      0.00000
      0.00000      0.00000      0.00000      0.00000      0.00000      0.00000
      0.00000      0.00000      0.00000      0.00000      0.00000      0.00000
      0.00000      0.00000      0.00000      0.00000      0.00000      0.00000
      0.00000      0.00000      0.00000      0.00000      0.00000      0.00000
      0.00000      0.00000      0.00000      0.00000      0.00000      0.00000
      0.00000      0.00000      0.00000      0.00000      0.00000      0.00000
      0.00000      0.00000      0.00000      0.00000      0.00000      0.00000
      0.00000      0.00000      0.00000      0.00000      0.00000      0.00000
      0.00000      0.00000      0.00000      0.00000      0.00000      0.00000
      0.00000      0.00000      0.00000      0.00000      0.00000      0.00000
      0.00000      0.00000      0.00000      0.00000      0.00000      0.00000
      0.00000      0.00000      0.00000      0.00000      0.00000      0.00000
      0.00000      0.00000      0.00000      0.00000      0.00000      0.00000
      0.00000      0.00000      0.00000      0.00000      0.00000      0.00000
      0.00000      0.00000      0.00000      0.00000      0.00000      0.00000
      0.00000      0.00000      0.00000      0.00000      0.00000      0.00000
      0.00000      0.00000      0.00000      0.00000      0.00000      0.00000
      0.00000      0.00000      0.00000      0.00000      0.00000      0.00000
      0.00000      0.00000      0.00000      0.00000      0.00000      0.00000
      0.00000      0.00000      0.00000      0.00000      0.00000      0.00000
      0.00000      0.00000      0.00000      0.00000      0.00000      0.00000
      0.00000      0.00000      0.00000      0.00000      0.00000      0.00000
      0.00000      0.00000      0.00000      0.00000      0.00000      0.00000
      0.00000      0.00000      0.00000      0.00000      0.00000      0.00000
      0.00000      0.00000      0.00000      0.00000      0.00000      0.00000
      0.00000      0.00000      0.00000      0.00000      0.00000      0.00000
      0.00000      0.00000      0.00000      0.00000      0.00000      0.00000
      0.00000      0.00000      0.00000      0.00000      0.00000      0.00000
      0.00000      0.00000      0.00000      0.00000      0.00000      0.00000
      0.00000      0.00000      0.00000      0.00000      0.00000      0.00000
      0.00000      0.00000      0.00000      0.00000      0.00000      0.00000
      0.00000      0.00000      0.00000      0.00000      0.00000      0.00000
      0.00000      0.00000      0.00000      0.00000      0.00000      0.00000
      0.00000      0.00000      0.00000      0.00000      0.00000      0.00000
      0.00000      0.00000      0.00000      0.00000      0.00000      0.00000
      0.00000      0.00000      0.00000      0.00000      0.00000      0.00000
      0.00000      0.00000      0.00000      0.00000      0.00000      0.00000
      0.00000      0.00000      0.00000      0.00000      0.00000      0.00000
      0.00000      0.00000      0.00000      0.00000      0.00000      0.00000
      0.00000      0.00000      0.00000      0.00000      0.00000      0.00000
      0.00000      0.00000      0.00000      0.00000      0.00000      0.00000
      0.00000      0.00000      0.00000      0.00000      0.00000      0.00000
      0.00000      0.00000      0.00000      0.00000      0.00000      0.00000
      0.00000      0.00000      0.00000      0.00000      0.00000      0.00000
      0.00000      0.00000      0.00000      0.00000      0.00000      0.00000
      0.00000      0.00000      0.00000      0.00000      0.00000      0.00000
      0.00000      0.00000      0.00000      0.00000      0.00000      0.00000
      0.00000      0.00000      0.00000      0.00000      0.00000      0.00000
      0.00000      0.00000      0.00000      0.00000      0.00000      0.00000
      0.00000      0.00000      0.00000      0.00000      0.00000      0.00000
      0.00000      0.00000      0.00000      0.00000      0.00000      0.00000
      0.00000      0.00000      0.00000      0.00000      0.00000      0.00000
      0.00000      0.00000      0.00000      0.00000      0.00000      0.00000
      0.00000      0.00000      0.00000      0.00000      0.00000      0.00000
      0.00000      0.00000      0.00000      0.00000      0.00000      0.00000
      0.00000      0.00000      0.00000      0.00000      0.00000      0.00000
      0.00000      0.00000      0.00000      0.00000      0.00000      0.00000
      0.00000      0.00000      0.00000      0.00000      0.00000      0.00000
      0.00000      0.00000      0.00000      0.00000      0.00000      0.00000
      0.00000      0.00000      0.00000      0.00000      0.00000      0.00000
      0.00000      0.00000      0.00000      0.00000      0.00000      0.00000
      0.00000      0.00000      0.00000      0.00000      0.00000      0.00000
      0.00000      0.00000      0.00000      0.00000      0.00000      0.00000
      0.00000      0.00000      0.00000      0.00000      0.00000      0.00000
      0.00000      0.00000      0.00000      0.00000      0.00000      0.00000
      0.00000      0.00000      0.00000      0.00000      0.00000      0.00000
      0.00000      0.00000      0.00000      0.00000      0.00000      0.00000
      0.00000      0.00000      0.00000      0.00000      0.00000      0.00000
      0.00000      0.00000      0.00000      0.00000      0.00000      0.00000
      0.00000      0.00000      0.00000      0.00000      0.00000      0.00000
      0.00000      0.00000      0.00000      0.00000      0.00000      0.00000
      0.00000      0.00000      0.00000      0.00000      0.00000      0.00000
      0.00000      0.00000      0.00000      0.00000      0.00000      0.00000
      0.00000      0.00000      0.00000      0.00000      0.00000      0.00000
      0.00000      0.00000      0.00000      0.00000      0.00000      0.00000
      0.00000      0.00000      0.00000      0.00000      0.00000      0.00000
      0.00000      0.00000      0.00000      0.00000      0.00000      0.00000
      0.00000      0.00000      0.00000      0.00000      0.00000      0.00000
      0.00000      0.00000      0.00000      0.00000      0.00000      0.00000
      0.00000      0.00000      0.00000      0.00000      0.00000      0.00000
      0.00000      0.00000      0.00000      0.00000      0.00000      0.00000
      0.00000      0.00000      0.00000      0.00000      0.00000      0.00000
      0.00000      0.00000      0.00000      0.00000      0.00000      0.00000
      0.00000      0.00000      0.00000      0.00000      0.00000      0.00000
      0.00000      0.00000      0.00000      0.00000      0.00000      0.00000
      0.00000      0.00000      0.00000      0.00000      0.00000      0.00000
      0.00000      0.00000      0.00000      0.00000      0.00000      0.00000
      0.00000      0.00000      0.00000      0.00000      0.00000      0.00000
      0.00000      0.00000      0.00000      0.00000      0.00000      0.00000
      0.00000      0.00000      0.00000      0.00000      0.00000      0.00000
      0.00000      0.00000      0.00000      0.00000      0.00000      0.00000
      0.00000      0.00000      0.00000      0.00000      0.00000      0.00000
      0.00000      0.00000      0.00000      0.00000      0.00000      0.00000
      0.00000      0.00000      0.00000      0.00000      0.00000      0.00000
      0.00000      0.00000      0.00000      0.00000      0.00000      0.00000
      0.00000      0.00000      0.00000      0.00000      0.00000      0.00000
      0.00000      0.00000      0.00000      0.00000      0.00000      0.00000
      0.00000      0.00000      0.00000      0.00000      0.00000      0.00000
      0.00000      0.00000      0.00000      0.00000      0.00000      0.00000
      0.00000      0.00000      0.00000      0.00000      0.00000      0.00000
      0.00000      0.00000      0.00000      0.00000      0.00000      0.00000
      0.00000      0.00000      0.00000      0.00000      0.00000      0.00000
      0.00000      0.00000      0.00000      0.00000      0.00000      0.00000
      0.00000      0.00000      0.00000      0.00000      0.00000      0.00000
      0.00000      0.00000      0.00000      0.00000      0.00000      0.00000
      0.00000      0.00000      0.00000      0.00000      0.00000      0.00000
      0.00000      0.00000      0.00000      0.00000      0.00000      0.00000
      0.00000      0.00000      0.00000      0.00000      0.00000      0.00000
      0.00000      0.00000      0.00000      0.00000      0.00000      0.00000
      0.00000      0.00000      0.00000      0.00000      0.00000      0.00000
      0.00000      0.00000      0.00000      0.00000      0.00000      0.00000
      0.00000      0.00000      0.00000      0.00000      0.00000      0.00000
      0.00000      0.00000      0.00000      0.00000      0.00000      0.00000
      0.00000      0.00000      0.00000      0.00000      0.00000      0.00000
      0.00000      0.00000      0.00000      0.00000      0.00000      0.00000
      0.00000      0.00000      0.00000      0.00000      0.00000      0.00000
      0.00000      0.00000      0.00000      0.00000      0.00000      0.00000
      0.00000      0.00000      0.00000      0.00000      0.00000      0.00000
      0.00000      0.00000      0.00000      0.00000      0.00000      0.00000
      0.00000      0.00000      0.00000      0.00000      0.00000      0.00000
      0.00000      0.00000      0.00000      0.00000      0.00000      0.00000
      0.00000      0.00000      0.00000      0.00000      0.00000      0.00000
      0.00000      0.00000      0.00000      0.00000      0.00000      0.00000
      0.00000      0.00000      0.00000      0.00000      0.00000      0.00000
      0.00000      0.00000      0.00000      0.00000      0.00000      0.00000
      0.00000      0.00000      0.00000      0.00000      0.00000      0.00000
      0.00000      0.00000      0.00000      0.00000      0.00000      0.00000
      0.00000      0.00000      0.00000      0.00000      0.00000      0.00000
      0.00000      0.00000      0.00000      0.00000      0.00000      0.00000
      0.00000      0.00000      0.00000      0.00000      0.00000      0.00000
      0.00000      0.00000      0.00000      0.00000      0.00000      0.00000
      0.00000      0.00000      0.00000      0.00000      0.00000      0.00000
      0.00000      0.00000      0.00000      0.00000      0.00000      0.00000
      0.00000      0.00000      0.00000      0.00000      0.00000      0.00000
      0.00000      0.00000      0.00000      0.00000      0.00000      0.00000
      0.00000      0.00000      0.00000      0.00000      0.00000      0.00000
      0.00000      0.00000      0.00000      0.00000      0.00000      0.00000
      0.00000      0.00000      0.00000      0.00000      0.00000      0.00000
      0.00000      0.00000      0.00000      0.00000      0.00000      0.00000
      0.00000      0.00000      0.00000      0.00000      0.00000      0.00000
      0.00000      0.00000      0.00000      0.00000      0.00000      0.00000
      0.00000      0.00000      0.00000      0.00000      0.00000      0.00000
      0.00000      0.00000      0.00000      0.00000      0.00000      0.00000
      0.00000      0.00000      0.00000      0.00000      0.00000      0.00000
      0.00000      0.00000      0.00000      0.00000      0.00000      0.00000
      0.00000      0.00000      0.00000      0.00000      0.00000      0.00000
      0.00000      0.00000      0.00000      0.00000      0.00000      0.00000
      0.00000      0.00000      0.00000      0.00000      0.00000      0.00000
      0.00000      0.00000      0.00000      0.00000      0.00000      0.00000
      0.00000      0.00000      0.00000      0.00000      0.00000      0.00000
      0.00000      0.00000      0.00000      0.00000      0.00000      0.00000
      0.00000      0.00000      0.00000      0.00000      0.00000      0.00000
      0.00000      0.00000      0.00000      0.00000      0.00000      0.00000
      0.00000      0.00000      0.00000      0.00000      0.00000      0.00000
      0.00000      0.00000      0.00000      0.00000      0.00000      0.00000
