    2000
      7.22954      7.23072      7.23199      7.23339      7.23470      7.23575
      7.23669      7.23772      7.23877      7.23951      7.24024      7.24147
      7.24250      7.24364      7.24457      7.24553      7.24656      7.24754
      7.24845      7.24953      7.25045      7.25109      7.25154      7.25191
      7.25259      7.25313      7.25379      7.25436      7.25486      7.25544
      7.25584      7.25629      7.25647      7.25672      7.25660      7.25633
      7.25637      7.25587      7.25499      7.25395      7.25218      7.25107
      7.25005      7.24905      7.24809      7.24666      7.24545      7.24439
      7.24384      7.24270      7.24153      7.24054      7.23981      7.23887
      7.23769      7.23697      7.23624      7.23594      7.23559      7.23537
      7.23502      7.23473      7.23435      7.23400      7.23375      7.23323
      7.23266      7.23219      7.23205      7.23178      7.23154      7.23135
      7.23105      7.23105      7.23074      7.23039      7.23032      7.23022
      7.22999      7.22992      7.22959      7.22935      7.22910      7.22877
      7.22833      7.22798      7.22738      7.22666      7.22600      7.22515
      7.22430      7.22332      7.22203      7.22036      7.21847      7.21688
      7.21528      7.21377      7.21200      7.21040      7.20914      7.20799
      7.20680      7.20565      7.20470      7.20361      7.20255      7.20124
      7.20000      7.19851      7.19717      7.19586      7.19442      7.19319
      7.19162      7.19004      7.18822      7.18670      7.18565      7.18454
      7.18338      7.18209      7.18120      7.18048      7.17940      7.17877
      7.17806      7.17741      7.17688      7.17637      7.17594      7.17516
      7.17448      7.17403      7.17353      7.17263      7.17156      7.17040
      7.16926      7.16827      7.16720      7.16620      7.16544      7.16462
      7.16357      7.16259      7.16143      7.16058      7.15993      7.15895
      7.15780      7.15657      7.15534      7.15414      7.15288      7.15187
      7.15097      7.14993      7.14873      7.14796      7.14747      7.14698
      7.14605      7.14529      7.14471      7.14395      7.14328      7.14239
      7.14135      7.13988      7.13858      7.13694      7.13538      7.13423
      7.13306      7.13208      7.13107      7.12951      7.12835      7.12716
      7.12581      7.12464      7.12340      7.12235      7.12087      7.11982
      7.11859      7.11680      7.11494      7.11315      7.11176      7.11025
      7.10908      7.10808      7.10682      7.10557      7.10433      7.10368
      7.10283      7.10188      7.10114      7.10006      7.09922      7.09861
      7.09803      7.09732      7.09681      7.09635      7.09578      7.09501
      7.09432      7.09352      7.09301      7.09222      7.09108      7.09028
      7.08945      7.08857      7.08784      7.08719      7.08645      7.08547
      7.08445      7.08336      7.08236      7.08159      7.08083      7.07970
      7.07827      7.07652      7.07516      7.07377      7.07220      7.07065
      7.06956      7.06856      7.06781      7.06709      7.06641      7.06571
      7.06493      7.06405      7.06342      7.06284      7.06209      7.06136
      7.06051      7.05939      7.05839      7.05740      7.05653      7.05585
      7.05515      7.05408      7.05327      7.05266      7.05205      7.05144
      7.05074      7.04965      7.04841      7.04712      7.04587      7.04419
      7.04292      7.04158      7.04005      7.03855      7.03708      7.03521
      7.03316      7.03117      7.02923      7.02752      7.02601      7.02464
      7.02302      7.02193      7.02077      7.01957      7.01846      7.01712
      7.01554      7.01437      7.01344      7.01220      7.01090      7.00969
      7.00874      7.00771      7.00687      7.00554      7.00469      7.00359
      7.00247      7.00144      7.00018      6.99895      6.99789      6.99703
      6.99627      6.99573      6.99487      6.99394      6.99327      6.99266
      6.99190      6.99065      6.98943      6.98837      6.98745      6.98640
      6.98520      6.98378      6.98240      6.98097      6.97953      6.97815
      6.97687      6.97549      6.97419      6.97313      6.97222      6.97162
      6.97095      6.96984      6.96872      6.96762      6.96646      6.96527
      6.96439      6.96388      6.96280      6.96221      6.96145      6.96100
      6.96057      6.96014      6.95987      6.95923      6.95856      6.95792
      6.95713      6.95647      6.95594      6.95533      6.95474      6.95430
      6.95386      6.95344      6.95297      6.95269      6.95229      6.95163
      6.95121      6.95091      6.95057      6.95029      6.94975      6.94881
      6.94813      6.94747      6.94665      6.94603      6.94521      6.94456
      6.94397      6.94358      6.94255      6.94216      6.94164      6.94148
      6.94089      6.94036      6.93969      6.93906      6.93886      6.93840
      6.93798      6.93745      6.93680      6.93617      6.93542      6.93478
      6.93419      6.93349      6.93275      6.93214      6.93188      6.93152
      6.93087      6.93027      6.92994      6.92960      6.92909      6.92878
      6.92832      6.92780      6.92743      6.92690      6.92619      6.92542
      6.92452      6.92363      6.92285      6.92215      6.92124      6.92052
      6.91981      6.91857      6.91732      6.91630      6.91549      6.91465
      6.91391      6.91349      6.91306      6.91270      6.91236      6.91196
      6.91133      6.91082      6.91032      6.90927      6.90861      6.90770
      6.90692      6.90627      6.90591      6.90525      6.90439      6.90345
      6.90264      6.90160      6.90041      6.89926      6.89820      6.89743
      6.89669      6.89600      6.89523      6.89424      6.89334      6.89246
      6.89179      6.89121      6.89073      6.89019      6.88954      6.88902
      6.88875      6.88834      6.88779      6.88721      6.88678      6.88621
      6.88565      6.88494      6.88406      6.88332      6.88296      6.88271
      6.88236      6.88190      6.88137      6.88092      6.88028      6.87955
      6.87880      6.87844      6.87800      6.87735      6.87653      6.87575
      6.87511      6.87451      6.87382      6.87318      6.87283      6.87181
      6.87109      6.87038      6.86966      6.86869      6.86798      6.86737
      6.86688      6.86619      6.86560      6.86520      6.86500      6.86441
      6.86432      6.86386      6.86353      6.86325      6.86318      6.86297
      6.86251      6.86247      6.86236      6.86204      6.86182      6.86163
      6.86152      6.86117      6.86071      6.86011      6.85988      6.85938
      6.85901      6.85858      6.85833      6.85785      6.85794      6.85760
      6.85758      6.85727      6.85669      6.85599      6.85575      6.85502
      6.85446      6.85367      6.85316      6.85260      6.85211      6.85106
      6.84970      6.84812      6.84662      6.84573      6.84482      6.84388
      6.84312      6.84229      6.84153      6.84120      6.84071      6.84020
      6.83976      6.83903      6.83842      6.83809      6.83779      6.83745
      6.83698      6.83638      6.83566      6.83541      6.83515      6.83451
      6.83363      6.83307      6.83221      6.83153      6.83053      6.82975
      6.82945      6.82874      6.82805      6.82743      6.82690      6.82623
      6.82592      6.82586      6.82560      6.82519      6.82438      6.82349
      6.82319      6.82265      6.82205      6.82144      6.82106      6.82085
      6.82045      6.82008      6.81969      6.81944      6.81916      6.81881
      6.81874      6.81855      6.81826      6.81789      6.81756      6.81708
      6.81657      6.81597      6.81501      6.81430      6.81373      6.81302
      6.81239      6.81216      6.81163      6.81088      6.81060      6.81027
      6.80967      6.80887      6.80812      6.80720      6.80603      6.80398
      6.80231      6.80079      6.79928      6.79835      6.79755      6.79705
      6.79645      6.79600      6.79569      6.79534      6.79496      6.79445
      6.79389      6.79308      6.79256      6.79227      6.79194      6.79134
      6.79084      6.79029      6.78971      6.78941      6.78845      6.78768
      6.78694      6.78591      6.78462      6.78362      6.78297      6.78227
      6.78183      6.78110      6.78061      6.77973      6.77936      6.77869
      6.77798      6.77742      6.77691      6.77660      6.77654      6.77612
      6.77595      6.77574      6.77551      6.77535      6.77524      6.77503
      6.77453      6.77382      6.77338      6.77303      6.77267      6.77200
      6.77179      6.77167      6.77125      6.77104      6.77052      6.76995
      6.76970      6.76892      6.76858      6.76859      6.76822      6.76782
      6.76726      6.76703      6.76665      6.76688      6.76713      6.76721
      6.76689      6.76606      6.76551      6.76478      6.76426      6.76377
      6.76323      6.76267      6.76207      6.76146      6.76074      6.76020
      6.75988      6.75921      6.75881      6.75868      6.75811      6.75751
      6.75701      6.75679      6.75632      6.75616      6.75610      6.75559
      6.75503      6.75447      6.75368      6.75320      6.75259      6.75212
      6.75163      6.75117      6.75099      6.75054      6.74928      6.74811
      6.74620      6.74473      6.74374      6.74290      6.74249      6.74212
      6.74126      6.74066      6.73986      6.73954      6.73898      6.73851
      6.73790      6.73729      6.73683      6.73598      6.73588      6.73554
      6.73508      6.73483      6.73447      6.73425      6.73395      6.73370
      6.73323      6.73285      6.73222      6.73213      6.73172      6.73154
      6.73116      6.73102      6.73104      6.73075      6.73039      6.73014
      6.72959      6.72905      6.72874      6.72848      6.72844      6.72855
      6.72838      6.72819      6.72765      6.72740      6.72701      6.72655
      6.72629      6.72588      6.72526      6.72492      6.72440      6.72403
      6.72393      6.72338      6.72327      6.72261      6.72226      6.72185
      6.72158      6.72124      6.72070      6.72011      6.71993      6.71946
      6.71947      6.71946      6.71919      6.71887      6.71878      6.71813
      6.71706      6.71646      6.71590      6.71560      6.71528      6.71451
      6.71398      6.71322      6.71287      6.71242      6.71181      6.71166
      6.71127      6.71079      6.71034      6.70974      6.70951      6.70913
      6.70886      6.70855      6.70821      6.70795      6.70744      6.70680
      6.70627      6.70531      6.70408      6.70284      6.70230      6.70179
      6.70158      6.70153      6.70137      6.70114      6.70094      6.70054
      6.70018      6.69981      6.69940      6.69917      6.69871      6.69838
      6.69797      6.69772      6.69736      6.69692      6.69639      6.69589
      6.69546      6.69489      6.69413      6.69384      6.69334      6.69257
      6.69206      6.69149      6.69120      6.69102      6.69080      6.69068
      6.69053      6.69011      6.68959      6.68939      6.68918      6.68911
      6.68888      6.68873      6.68863      6.68877      6.68885      6.68898
      6.68877      6.68911      6.68926      6.68923      6.68907      6.68937
      6.68929      6.68933      6.68936      6.68942      6.68921      6.68909
      6.68890      6.68875      6.68855      6.68843      6.68804      6.68802
      6.68793      6.68806      6.68809      6.68798      6.68804      6.68795
      6.68748      6.68716      6.68708      6.68690      6.68676      6.68648
      6.68617      6.68603      6.68613      6.68625      6.68601      6.68588
      6.68573      6.68524      6.68474      6.68458      6.68445      6.68428
      6.68399      6.68363      6.68345      6.68314      6.68270      6.68227
      6.68197      6.68151      6.68064      6.67984      6.67884      6.67822
      6.67771      6.67733      6.67700      6.67645      6.67619      6.67566
      6.67552      6.67534      6.67521      6.67468      6.67447      6.67379
      6.67354      6.67299      6.67235      6.67176      6.67122      6.67099
      6.67040      6.66990      6.66961      6.66905      6.66866      6.66828
      6.66758      6.66696      6.66660      6.66628      6.66596      6.66547
      6.66511      6.66478      6.66426      6.66418      6.66391      6.66357
      6.66320      6.66289      6.66276      6.66240      6.66218      6.66189
      6.66151      6.66101      6.66064      6.66034      6.65978      6.65902
      6.65888      6.65868      6.65835      6.65784      6.65744      6.65714
      6.65671      6.65643      6.65610      6.65562      6.65515      6.65500
      6.65467      6.65435      6.65419      6.65383      6.65354      6.65346
      6.65309      6.65290      6.65247      6.65220      6.65203      6.65163
      6.65147      6.65147      6.65122      6.65076      6.65042      6.65034
      6.65038      6.65015      6.65003      6.65022      6.64988      6.64965
      6.64950      6.64925      6.64923      6.64865      6.64834      6.64789
      6.64732      6.64694      6.64683      6.64640      6.64618      6.64600
      6.64551      6.64488      6.64448      6.64401      6.64366      6.64298
      6.64293      6.64272      6.64220      6.64184      6.64124      6.64075
      6.64049      6.63983      6.63946      6.63878      6.63838      6.63821
      6.63790      6.63778      6.63757      6.63732      6.63702      6.63674
      6.63643      6.63583      6.63544      6.63519      6.63491      6.63450
      6.63443      6.63400      6.63352      6.63283      6.63209      6.63168
      6.63103      6.63052      6.63024      6.63015      6.62993      6.62942
      6.62873      6.62862      6.62830      6.62833      6.62817      6.62793
      6.62774      6.62736      6.62728      6.62660      6.62562      6.62476
      6.62360      6.62291      6.62205      6.62165      6.62113      6.62083
      6.62027      6.61971      6.61914      6.61818      6.61764      6.61720
      6.61625      6.61572      6.61516      6.61466      6.61434      6.61386
      6.61362      6.61349      6.61311      6.61264      6.61256      6.61232
      6.61191      6.61147      6.61074      6.61025      6.60956      6.60871
      6.60792      6.60737      6.60668      6.60588      6.60523      6.60448
      6.60343      6.60276      6.60242      6.60213      6.60167      6.60113
      6.60072      6.60039      6.59968      6.59901      6.59812      6.59760
      6.59702      6.59692      6.59664      6.59619      6.59569      6.59510
      6.59450      6.59411      6.59356      6.59331      6.59315      6.59288
      6.59272      6.59250      6.59238      6.59213      6.59179      6.59156
      6.59153      6.59103      6.59057      6.59039      6.59022      6.58996
      6.58970      6.58956      6.58944      6.58948      6.58931      6.58915
      6.58894      6.58868      6.58827      6.58816      6.58798      6.58795
      6.58785      6.58781      6.58768      6.58751      6.58726      6.58691
      6.58664      6.58624      6.58598      6.58585      6.58572      6.58557
      6.58547      6.58543      6.58530      6.58507      6.58474      6.58441
      6.58439      6.58418      6.58422      6.58432      6.58426      6.58419
      6.58406      6.58376      6.58327      6.58305      6.58260      6.58255
      6.58220      6.58227      6.58223      6.58211      6.58214      6.58182
      6.58151      6.58119      6.58062      6.58017      6.57965      6.57920
      6.57895      6.57865      6.57858      6.57851      6.57808      6.57777
      6.57767      6.57752      6.57705      6.57673      6.57656      6.57640
      6.57599      6.57573      6.57563      6.57516      6.57481      6.57454
      6.57403      6.57359      6.57284      6.57224      6.57161      6.57136
      6.57106      6.57065      6.57012      6.56990      6.56971      6.56957
      6.56930      6.56906      6.56853      6.56821      6.56792      6.56755
      6.56726      6.56680      6.56651      6.56623      6.56590      6.56564
      6.56523      6.56524      6.56539      6.56522      6.56510      6.56481
      6.56453      6.56443      6.56429      6.56436      6.56445      6.56428
      6.56441      6.56466      6.56464      6.56431      6.56429      6.56469
      6.56463      6.56462      6.56464      6.56462      6.56465      6.56461
      6.56458      6.56451      6.56459      6.56459      6.56489      6.56521
      6.56496      6.56500      6.56468      6.56446      6.56437      6.56449
      6.56459      6.56488      6.56514      6.56481      6.56449      6.56447
      6.56406      6.56377      6.56369      6.56366      6.56358      6.56346
      6.56375      6.56340      6.56304      6.56295      6.56301      6.56279
      6.56284      6.56274      6.56257      6.56243      6.56242      6.56214
      6.56214      6.56181      6.56187      6.56181      6.56167      6.56152
      6.56152      6.56152      6.56119      6.56114      6.56098      6.56095
      6.56076      6.56077      6.56067      6.56071      6.56064      6.56055
      6.56056      6.56069      6.56077      6.56083      6.56068      6.56085
      6.56045      6.56054      6.56008      6.55997      6.55998      6.55999
      6.55968      6.55984      6.55973      6.55953      6.55951      6.55929
      6.55910      6.55857      6.55839      6.55806      6.55776      6.55780
      6.55764      6.55765      6.55779      6.55783      6.55728      6.55710
      6.55690      6.55686      6.55708      6.55713      6.55699      6.55647
      6.55618      6.55596      6.55597      6.55577      6.55574      6.55537
      6.55521      6.55522      6.55510      6.55508      6.55458      6.55423
      6.55399      6.55373      6.55369      6.55342      6.55326      6.55337
      6.55333      6.55322      6.55290      6.55275      6.55255      6.55226
      6.55221      6.55191      6.55192      6.55169      6.55126      6.55090
      6.55071      6.55039      6.55033      6.55026      6.55033      6.55036
      6.55044      6.55055      6.55056      6.55065      6.55074      6.55063
      6.55077      6.55086      6.55086      6.55074      6.55075      6.55021
      6.54989      6.54982      6.54990      6.54972      6.55000      6.55017
      6.55036      6.55022      6.55029      6.55051      6.55038      6.55049
      6.55032      6.54997      6.54993      6.54998      6.55016      6.55002
      6.55031      6.55047      6.55066      6.55086      6.55080      6.55078
      6.55084      6.55058      6.55081      6.55069      6.55061      6.55039
      6.55002      6.54966      6.54967      6.54951      6.54909      6.54894
      6.54897      6.54888      6.54897      6.54888      6.54876      6.54864
      6.54886      6.54883      6.54879      6.54886      6.54892      6.54880
      6.54898      6.54912      6.54902      6.54910      6.54892      6.54913
      6.54895      6.54893      6.54878      6.54883      6.54897      6.54913
      6.54912      6.54930      6.54939      6.54943      6.54958      6.54969
      6.54978      6.55005      6.55003      6.55000      6.54984      6.55004
      6.55035      6.55057      6.55081      6.55059      6.55062      6.55083
      6.55095      6.55085      6.55113      6.55112      6.55093      6.55071
      6.55077      6.55090      6.55078      6.55081      6.55104      6.55088
      6.55090      6.55100      6.55050      6.55023      6.55000      6.54998
      6.54988      6.54977      6.54980      6.54993      6.55024      6.54993
      6.54977      6.54945      6.54933      6.54914      6.54893      6.54845
      6.54816      6.54804      6.54759      6.54767      6.54755      6.54739
      6.54719      6.54696      6.54687      6.54666      6.54635      6.54649
      6.54649      6.54667      6.54641      6.54630      6.54613      6.54648
      6.54674      6.54709      6.54682      6.54659      6.54658      6.54664
      6.54678      6.54693      6.54699      6.54664      6.54676      6.54661
      6.54638      6.54625      6.54626      6.54615      6.54611      6.54626
      6.54625      6.54618      6.54618      6.54589      6.54591      6.54602
      6.54612      6.54635      6.54634      6.54652      6.54626      6.54607
      6.54593      6.54562      6.54544      6.54520      6.54499      6.54480
      6.54478      6.54446      6.54414      6.54370      6.54327      6.54326
      6.54313      6.54293      6.54303      6.54306      6.54296      6.54270
      6.54271      6.54267      6.54231      6.54181      6.54145      6.54131
      6.54107      6.54093      6.54076      6.54055      6.54045      6.54057
      6.54035      6.54006      6.54019      6.54008      6.53991      6.53993
      6.53995      6.53985      6.53971      6.53929      6.53915      6.53890
      6.53887      6.53878      6.53835      6.53810      6.53783      6.53797
      6.53805      6.53812      6.53805      6.53794      6.53791      6.53781
      6.53774      6.53730      6.53723      6.53750      6.53750      6.53744
      6.53768      6.53760      6.53736      6.53743      6.53741      6.53752
      6.53728      6.53726      6.53739      6.53756      6.53758      6.53766
      6.53771      6.53753      6.53737      6.53727      6.53721      6.53715
      6.53720      6.53689      6.53680      6.53689      6.53697      6.53682
      6.53652      6.53619      6.53623      6.53621      6.53620      6.53638
      6.53632      6.53649      6.53637      6.53610      6.53581      6.53565
      6.53541      6.53514      6.53500      6.53495      6.53480      6.53481
      6.53451      6.53432      6.53391      6.53348      6.53321      6.53281
      6.53287      6.53272      6.53287      6.53274      6.53270      6.53264
      6.53264      6.53253      6.53235      6.53237      6.53253      6.53254
      6.53238      6.53227      6.53220      6.53221      6.53205      6.53203
      6.53194      6.53156      6.53129      6.53142      6.53126      6.53091
      6.53080      6.53069      6.53046      6.53034      6.53048      6.53059
      6.53037      6.53018      6.52992      6.52959      6.52935      6.52918
      6.52908      6.52916      6.52892      6.52875      6.52869      6.52876
      6.52867      6.52873      6.52873      6.52875      6.52876      6.52876
      6.52877      6.52873      6.52883      6.52874      6.52861      6.52847
      6.52824      6.52831      6.52797      6.52779      6.52780      6.52796
      6.52806      6.52834      6.52845      6.52824      6.52797      6.52766
      6.52788      6.52801      6.52821      6.52844      6.52863      6.52859
      6.52852      6.52868      6.52872      6.52861      6.52856      6.52840
      6.52838      6.52816      6.52815      6.52803      6.52796      6.52790
      6.52794      6.52808      6.52798      6.52779      6.52774      6.52741
      6.52709      6.52688      6.52698      6.52698      6.52702      6.52686
      6.52721      6.52749      6.52768      6.52775      6.52747      6.52764
      6.52747      6.52746      6.52740      6.52707      6.52687      6.52685
      6.52652      6.52621      6.52606      6.52606      6.52584      6.52565
      6.52516      6.52476      6.52463      6.52465      6.52458      6.52437
      6.52429      6.52443      6.52449      6.52463      6.52451      6.52429
      6.52412      6.52398      6.52404      6.52377      6.52383      6.52365
      6.52368      6.52355      6.52357      6.52349      6.52357      6.52363
      6.52354      6.52355      6.52349      6.52362      6.52362      6.52345
      6.52321      6.52295      6.52279      6.52265      6.52227      6.52207
      6.52199      6.52172      6.52158      6.52140      6.52142      6.52154
      6.52162      6.52161      6.52167      6.52197      6.52204      6.52191
      6.52187      6.52199      6.52222      6.52246      6.52243      6.52243
      6.52232      6.52252      6.52259      6.52244      6.52230      6.52239
      6.52225      6.52227      6.52244      6.52236      6.52249      6.52244
      6.52277      6.52271      6.52257      6.52274      6.52249      6.52210
      6.52205      6.52215      6.52209      6.52204      6.52236      6.52227
      6.52227      6.52212      6.52196      6.52182      6.52187      6.52187
      6.52176      6.52164      6.52155      6.52130      6.52116      6.52100
      6.52090      6.52088      6.52095      6.52082      6.52070      6.52077
      6.52057      6.52037      6.52039      6.52015      6.52015      6.52013
      6.52002      6.51988      6.51974      6.51955      6.51935      6.51906
      6.51880      6.51859      6.51849      6.51852      6.51851      6.51873
      6.51852      6.51820      6.51787      6.51768      6.51723      6.51717
      6.51725      6.51657      6.51609      6.51570      6.51498      6.51452
      6.51426      6.51403      6.51360      6.51337      6.51298      6.51291
      6.51259      6.51261      6.51259      6.51255      6.51252      6.51250
      6.51232      6.51208      6.51186      6.51174      6.51164      6.51121
      6.51070      6.51008      6.50979      6.50928      6.50899      6.50847
      6.50796      6.50771      6.50748      6.50737      6.50730      6.50709
      6.50675      6.50649      6.50646      6.50643      6.50634      6.50605
      6.50574      6.50539      6.50521      6.50509      6.50510      6.50523
      6.50518      6.50485      6.50480      6.50464      6.50461      6.50443
      6.50439      6.50431      6.50433      6.50413      6.50389      6.50366
      6.50358      6.50344      6.50369      6.50361      6.50367      6.50345
      6.50350      6.50349      6.50361      6.50360      6.50364      6.50369
      6.50364      6.50355      6.50367      6.50377      6.50366      6.50337
      6.50353      6.50351      6.50330      6.50321      6.50335      6.50319
      6.50338      6.50353      6.50367      6.50368      6.50372      6.50391
      6.50402      6.50455      6.50466      6.50451      6.50436      6.50445
      6.50449      6.50474      6.50478      6.50488      6.50511      6.50545
      6.50583      6.50600      6.50611      6.50654      6.50666      6.50691
      6.50682      6.50670      0.00000      0.00000      0.00000      0.00000
      0.00000      0.00000      0.00000      0.00000      0.00000      0.00000
      0.00000      0.00000      0.00000      0.00000      0.00000      0.00000
      0.00000      0.00000      0.00000      0.00000      0.00000      0.00000
      0.00000      0.00000      0.00000      0.00000      0.00000      0.00000
      0.00000      0.00000      0.00000      0.00000      0.00000      0.00000
      0.00000      0.00000      0.00000      0.00000      0.00000      0.00000
      0.00000      0.00000      0.00000      0.00000      0.00000      0.00000
      0.00000      0.00000      0.00000      0.00000      0.00000      0.00000
      0.00000      0.00000      0.00000      0.00000      0.00000      0.00000
      0.00000      0.00000      0.00000      0.00000      0.00000      0.00000
      0.00000      0.00000      0.00000      0.00000      0.00000      0.00000
      0.00000      0.00000      0.00000      0.00000      0.00000      0.00000
      0.00000      0.00000      0.00000      0.00000      0.00000      0.00000
      0.00000      0.00000      0.00000      0.00000      0.00000      0.00000
      0.00000      0.00000      0.00000      0.00000      0.00000      0.00000
      0.00000      0.00000      0.00000      0.00000      0.00000      0.00000
      0.00000      0.00000      0.00000      0.00000      0.00000      0.00000
      0.00000      0.00000      0.00000      0.00000      0.00000      0.00000
      0.00000      0.00000      0.00000      0.00000      0.00000      0.00000
      0.00000      0.00000      0.00000      0.00000      0.00000      0.00000
      0.00000      0.00000      0.00000      0.00000      0.00000      0.00000
      0.00000      0.00000      0.00000      0.00000      0.00000      0.00000
      0.00000      0.00000      0.00000      0.00000      0.00000      0.00000
      0.00000      0.00000      0.00000      0.00000      0.00000      0.00000
      0.00000      0.00000      0.00000      0.00000      0.00000      0.00000
      0.00000      0.00000      0.00000      0.00000      0.00000      0.00000
      0.00000      0.00000      0.00000      0.00000      0.00000      0.00000
      0.00000      0.00000      0.00000      0.00000      0.00000      0.00000
      0.00000      0.00000      0.00000      0.00000      0.00000      0.00000
      0.00000      0.00000      0.00000      0.00000      0.00000      0.00000
      0.00000      0.00000      0.00000      0.00000      0.00000      0.00000
      0.00000      0.00000      0.00000      0.00000      0.00000      0.00000
      0.00000      0.00000      0.00000      0.00000      0.00000      0.00000
      0.00000      0.00000      0.00000      0.00000      0.00000      0.00000
      0.00000      0.00000      0.00000      0.00000      0.00000      0.00000
      0.00000      0.00000      0.00000      0.00000      0.00000      0.00000
      0.00000      0.00000      0.00000      0.00000      0.00000      0.00000
      0.00000      0.00000      0.00000      0.00000      0.00000      0.00000
      0.00000      0.00000      0.00000      0.00000      0.00000      0.00000
      0.00000      0.00000      0.00000      0.00000      0.00000      0.00000
      0.00000      0.00000      0.00000      0.00000      0.00000      0.00000
      0.00000      0.00000      0.00000      0.00000      0.00000      0.00000
      0.00000      0.00000      0.00000      0.00000      0.00000      0.00000
      0.00000      0.00000      0.00000      0.00000      0.00000      0.00000
      0.00000      0.00000      0.00000      0.00000      0.00000      0.00000
      0.00000      0.00000      0.00000      0.00000      0.00000      0.00000
      0.00000      0.00000      0.00000      0.00000      0.00000      0.00000
      0.00000      0.00000      0.00000      0.00000      0.00000      0.00000
      0.00000      0.00000      0.00000      0.00000      0.00000      0.00000
      0.00000      0.00000      0.00000      0.00000      0.00000      0.00000
      0.00000      0.00000      0.00000      0.00000      0.00000      0.00000
      0.00000      0.00000      0.00000      0.00000      0.00000      0.00000
      0.00000      0.00000      0.00000      0.00000      0.00000      0.00000
      0.00000      0.00000      0.00000      0.00000      0.00000      0.00000
      0.00000      0.00000      0.00000      0.00000      0.00000      0.00000
      0.00000      0.00000      0.00000      0.00000      0.00000      0.00000
      0.00000      0.00000      0.00000      0.00000      0.00000      0.00000
      0.00000      0.00000      0.00000      0.00000      0.00000      0.00000
      0.00000      0.00000      0.00000      0.00000      0.00000      0.00000
      0.00000      0.00000      0.00000      0.00000      0.00000      0.00000
      0.00000      0.00000      0.00000      0.00000      0.00000      0.00000
      0.00000      0.00000      0.00000      0.00000      0.00000      0.00000
      0.00000      0.00000      0.00000      0.00000      0.00000      0.00000
      0.00000      0.00000      0.00000      0.00000      0.00000      0.00000
      0.00000      0.00000      0.00000      0.00000      0.00000      0.00000
      0.00000      0.00000      0.00000      0.00000      0.00000      0.00000
      0.00000      0.00000      0.00000      0.00000      0.00000      0.00000
      0.00000      0.00000      0.00000      0.00000      0.00000      0.00000
      0.00000      0.00000      0.00000      0.00000      0.00000      0.00000
      0.00000      0.00000      0.00000      0.00000      0.00000      0.00000
      0.00000      0.00000      0.00000      0.00000      0.00000      0.00000
      0.00000      0.00000      0.00000      0.00000      0.00000      0.00000
      0.00000      0.00000      0.00000      0.00000      0.00000      0.00000
      0.00000      0.00000      0.00000      0.00000      0.00000      0.00000
      0.00000      0.00000      0.00000      0.00000      0.00000      0.00000
      0.00000      0.00000      0.00000      0.00000      0.00000      0.00000
      0.00000      0.00000      0.00000      0.00000      0.00000      0.00000
      0.00000      0.00000      0.00000      0.00000      0.00000      0.00000
      0.00000      0.00000      0.00000      0.00000      0.00000      0.00000
      0.00000      0.00000      0.00000      0.00000      0.00000      0.00000
      0.00000      0.00000      0.00000      0.00000      0.00000      0.00000
      0.00000      0.00000      0.00000      0.00000      0.00000      0.00000
      0.00000      0.00000      0.00000      0.00000      0.00000      0.00000
      0.00000      0.00000      0.00000      0.00000      0.00000      0.00000
      0.00000      0.00000      0.00000      0.00000      0.00000      0.00000
      0.00000      0.00000      0.00000      0.00000      0.00000      0.00000
      0.00000      0.00000      0.00000      0.00000      0.00000      0.00000
      0.00000      0.00000      0.00000      0.00000      0.00000      0.00000
      0.00000      0.00000      0.00000      0.00000      0.00000      0.00000
      0.00000      0.00000      0.00000      0.00000      0.00000      0.00000
      0.00000      0.00000      0.00000      0.00000      0.00000      0.00000
      0.00000      0.00000      0.00000      0.00000      0.00000      0.00000
      0.00000      0.00000      0.00000      0.00000      0.00000      0.00000
      0.00000      0.00000      0.00000      0.00000      0.00000      0.00000
      0.00000      0.00000      0.00000      0.00000      0.00000      0.00000
      0.00000      0.00000      0.00000      0.00000      0.00000      0.00000
      0.00000      0.00000      0.00000      0.00000      0.00000      0.00000
      0.00000      0.00000      0.00000      0.00000      0.00000      0.00000
      0.00000      0.00000      0.00000      0.00000      0.00000      0.00000
      0.00000      0.00000      0.00000      0.00000      0.00000      0.00000
      0.00000      0.00000      0.00000      0.00000      0.00000      0.00000
      0.00000      0.00000      0.00000      0.00000      0.00000      0.00000
      0.00000      0.00000      0.00000      0.00000      0.00000      0.00000
      0.00000      0.00000      0.00000      0.00000      0.00000      0.00000
      0.00000      0.00000      0.00000      0.00000      0.00000      0.00000
      0.00000      0.00000      0.00000      0.00000      0.00000      0.00000
      0.00000      0.00000      0.00000      0.00000      0.00000      0.00000
      0.00000      0.00000      0.00000      0.00000      0.00000      0.00000
      0.00000      0.00000      0.00000      0.00000      0.00000      0.00000
      0.00000      0.00000      0.00000      0.00000      0.00000      0.00000
      0.00000      0.00000      0.00000      0.00000      0.00000      0.00000
      0.00000      0.00000      0.00000      0.00000      0.00000      0.00000
      0.00000      0.00000      0.00000      0.00000      0.00000      0.00000
      0.00000      0.00000      0.00000      0.00000      0.00000      0.00000
      0.00000      0.00000      0.00000      0.00000      0.00000      0.00000
      0.00000      0.00000      0.00000      0.00000      0.00000      0.00000
      0.00000      0.00000      0.00000      0.00000      0.00000      0.00000
      0.00000      0.00000      0.00000      0.00000      0.00000      0.00000
      0.00000      0.00000      0.00000      0.00000      0.00000      0.00000
      0.00000      0.00000      0.00000      0.00000      0.00000      0.00000
      0.00000      0.00000      0.00000      0.00000      0.00000      0.00000
      0.00000      0.00000      0.00000      0.00000      0.00000      0.00000
      0.00000      0.00000      0.00000      0.00000      0.00000      0.00000
      0.00000      0.00000      0.00000      0.00000      0.00000      0.00000
      0.00000      0.00000      0.00000      0.00000      0.00000      0.00000
      0.00000      0.00000      0.00000      0.00000      0.00000      0.00000
      0.00000      0.00000      0.00000      0.00000      0.00000      0.00000
      0.00000      0.00000      0.00000      0.00000      0.00000      0.00000
      0.00000      0.00000      0.00000      0.00000      0.00000      0.00000
      0.00000      0.00000      0.00000      0.00000      0.00000      0.00000
      0.00000      0.00000      0.00000      0.00000      0.00000      0.00000
      0.00000      0.00000      0.00000      0.00000      0.00000      0.00000
      0.00000      0.00000      0.00000      0.00000      0.00000      0.00000
      0.00000      0.00000      0.00000      0.00000      0.00000      0.00000
      0.00000      0.00000      0.00000      0.00000      0.00000      0.00000
      0.00000      0.00000      0.00000      0.00000      0.00000      0.00000
      0.00000      0.00000      0.00000      0.00000      0.00000      0.00000
      0.00000      0.00000      0.00000      0.00000      0.00000      0.00000
      0.00000      0.00000      0.00000      0.00000      0.00000      0.00000
      0.00000      0.00000      0.00000      0.00000      0.00000      0.00000
      0.00000      0.00000      0.00000      0.00000      0.00000      0.00000
      0.00000      0.00000      0.00000      0.00000      0.00000      0.00000
      0.00000      0.00000      0.00000      0.00000      0.00000      0.00000
      0.00000      0.00000      0.00000      0.00000      0.00000      0.00000
      0.00000      0.00000      0.00000      0.00000      0.00000      0.00000
      0.00000      0.00000      0.00000      0.00000      0.00000      0.00000
      0.00000      0.00000      0.00000      0.00000      0.00000      0.00000
      0.00000      0.00000      0.00000      0.00000      0.00000      0.00000
      0.00000      0.00000      0.00000      0.00000      0.00000      0.00000
      0.00000      0.00000      0.00000      0.00000      0.00000      0.00000
      0.00000      0.00000      0.00000      0.00000      0.00000      0.00000
      0.00000      0.00000      0.00000      0.00000      0.00000      0.00000
      0.00000      0.00000      0.00000      0.00000      0.00000      0.00000
      0.00000      0.00000      0.00000      0.00000      0.00000      0.00000
      0.00000      0.00000      0.00000      0.00000      0.00000      0.00000
      0.00000      0.00000      0.00000      0.00000      0.00000      0.00000
      0.00000      0.00000      0.00000      0.00000      0.00000      0.00000
      0.00000      0.00000      0.00000      0.00000      0.00000      0.00000
      0.00000      0.00000      0.00000      0.00000      0.00000      0.00000
      0.00000      0.00000      0.00000      0.00000      0.00000      0.00000
      0.00000      0.00000      0.00000      0.00000      0.00000      0.00000
      0.00000      0.00000      0.00000      0.00000      0.00000      0.00000
      0.00000      0.00000      0.00000      0.00000      0.00000      0.00000
      0.00000      0.00000      0.00000      0.00000      0.00000      0.00000
      0.00000      0.00000      0.00000      0.00000      0.00000      0.00000
      0.00000      0.00000      0.00000      0.00000      0.00000      0.00000
